770 1500 -7.236506E+00  8.762283E+01
770 1495 -7.310230E+00  8.798950E+01
770 1490 -7.245602E+00  8.826553E+01
770 1485 -7.180697E+00  8.796066E+01
770 1480 -7.227412E+00  8.801147E+01
770 1475 -7.271784E+00  8.738663E+01
770 1470 -7.267374E+00  8.763245E+01
770 1465 -7.316248E+00  8.768188E+01
770 1460 -7.240549E+00  8.761597E+01
770 1455 -7.132100E+00  8.760361E+01
770 1450 -7.295210E+00  8.788788E+01
770 1445 -7.269625E+00  8.827927E+01
770 1440 -7.318544E+00  8.734680E+01
770 1435 -7.267742E+00  8.757202E+01
770 1430 -7.216480E+00  8.799088E+01
770 1425 -7.263240E+00  8.774506E+01
770 1420 -7.125485E+00  8.747589E+01
770 1415 -7.274586E+00  8.727676E+01
770 1410 -7.307290E+00  8.710510E+01
770 1405 -7.359700E+00  8.735092E+01
770 1400 -7.223278E+00  8.735092E+01
770 1395 -7.186899E+00  8.706802E+01
770 1390 -7.295715E+00  8.714081E+01
770 1385 -7.253916E+00  8.663818E+01
770 1380 -7.176288E+00  8.705704E+01
770 1375 -7.330716E+00  8.673569E+01
770 1370 -7.280144E+00  8.711060E+01
770 1365 -7.272749E+00  8.664642E+01
770 1360 -7.292178E+00  8.672882E+01
770 1355 -7.434526E+00  8.622070E+01
770 1350 -7.406966E+00  8.648849E+01
770 1345 -7.342476E+00  8.612595E+01
770 1340 -7.172154E+00  8.650085E+01
770 1335 -7.557996E+00  8.608887E+01
770 1330 -7.397595E+00  8.622070E+01
770 1325 -7.430531E+00  8.656540E+01
770 1320 -7.402970E+00  8.581833E+01
770 1315 -7.565759E+00  8.598999E+01
770 1310 -7.444677E+00  8.506027E+01
770 1305 -7.427729E+00  8.514542E+01
770 1300 -7.554918E+00  8.497513E+01
770 1295 -7.599520E+00  8.509735E+01
770 1290 -7.619638E+00  8.530334E+01
770 1285 -7.743567E+00  8.478973E+01
770 1280 -7.864418E+00  8.467300E+01
770 1275 -7.896480E+00  8.427612E+01
770 1270 -7.809069E+00  8.341095E+01
770 1265 -7.813432E+00  8.376663E+01
770 1260 -7.905345E+00  8.305939E+01
770 1255 -7.902267E+00  8.303604E+01
770 1250 -7.907137E+00  8.341919E+01
770 1245 -8.036209E+00  8.249908E+01
770 1240 -8.119303E+00  8.182068E+01
770 1235 -8.247137E+00  8.094452E+01
770 1230 -8.331242E+00  8.065338E+01
770 1225 -8.256369E+00  8.054214E+01
770 1220 -8.357882E+00  7.975800E+01
770 1215 -8.421913E+00  7.904800E+01
770 1210 -8.585253E+00  7.867722E+01
770 1205 -8.582590E+00  7.779968E+01
770 1200 -8.756540E+00  7.579742E+01
770 1195 -8.850060E+00  7.564774E+01
770 1190 -9.006924E+00  7.477158E+01
770 1185 -8.958279E+00  7.365646E+01
770 1180 -9.131817E+00  7.236282E+01
770 1175 -9.192953E+00  7.098953E+01
770 1170 -9.330801E+00  6.902985E+01
770 1165 -9.336405E+00  6.797928E+01
770 1160 -9.483850E+00  6.631348E+01
770 1155 -9.501261E+00  6.435379E+01
770 1150 -9.488583E+00  6.261520E+01
770 1145 -9.566072E+00  6.088074E+01
770 1140 -9.540165E+00  5.910782E+01
770 1135 -9.585272E+00  5.770020E+01
770 1130 -9.546228E+00  5.532715E+01
770 1125 -9.573927E+00  5.370117E+01
770 1120 -9.516830E+00  5.161102E+01
770 1115 -9.450871E+00  4.965546E+01
770 1110 -9.413986E+00  4.769440E+01
770 1105 -9.283075E+00  4.623459E+01
770 1100 -9.115648E+00  4.422958E+01
770 1095 -9.099388E+00  4.261185E+01
770 1090 -8.969395E+00  4.092133E+01
770 1085 -8.822821E+00  3.933517E+01
770 1080 -8.635092E+00  3.789597E+01
770 1075 -8.396513E+00  3.639359E+01
770 1070 -8.256645E+00  3.487335E+01
770 1065 -8.219347E+00  3.349319E+01
770 1060 -8.090916E+00  3.250168E+01
770 1055 -7.913751E+00  3.143600E+01
770 1050 -7.716007E+00  3.052002E+01
770 1045 -7.652757E+00  2.961914E+01
770 1040 -7.416567E+00  2.890228E+01
770 1035 -7.270039E+00  2.797256E+01
770 1030 -7.073489E+00  2.744110E+01
770 1025 -7.020528E+00  2.714722E+01
770 1020 -6.854432E+00  2.565308E+01
770 1015 -6.751219E+00  2.559540E+01
770 1010 -6.587512E+00  2.517929E+01
770 1005 -6.549066E+00  2.451050E+01
770 1000 -6.337450E+00  2.429901E+01
770 995 -6.272683E+00  2.423447E+01
770 990 -6.156931E+00  2.365082E+01
770 985 -6.061436E+00  2.326904E+01
770 980 -5.954869E+00  2.302322E+01
770 975 -5.996623E+00  2.263046E+01
770 970 -5.830297E+00  2.236267E+01
770 965 -5.577250E+00  2.240799E+01
770 960 -5.693232E+00  2.214981E+01
770 955 -5.683081E+00  2.179413E+01
770 950 -5.665994E+00  2.163620E+01
770 945 -5.551160E+00  2.160461E+01
770 940 -5.536369E+00  2.147415E+01
770 935 -5.486440E+00  2.120224E+01
770 930 -5.518960E+00  2.113632E+01
770 925 -5.388509E+00  2.110199E+01
770 920 -5.400268E+00  2.097977E+01
770 915 -5.395491E+00  2.098801E+01
770 910 -5.371100E+00  2.065979E+01
770 905 -5.341519E+00  2.064606E+01
770 900 -5.335777E+00  2.087677E+01
770 895 -5.264581E+00  2.081497E+01
770 890 -5.313775E+00  2.037003E+01
770 885 -5.318919E+00  2.028763E+01
770 880 -5.220301E+00  2.048813E+01
770 875 -5.262422E+00  2.048264E+01
770 870 -5.229165E+00  2.030548E+01
770 865 -5.138677E+00  2.039063E+01
770 860 -5.209598E+00  2.025604E+01
770 855 -5.114561E+00  2.039200E+01
770 850 -5.221770E+00  2.019287E+01
770 845 -5.147449E+00  2.036865E+01
770 840 -5.143545E+00  2.001160E+01
770 835 -5.132062E+00  2.011871E+01
770 830 -5.068950E+00  2.006927E+01
770 825 -5.141570E+00  2.032471E+01
770 820 -5.123105E+00  2.007339E+01
770 815 -5.136196E+00  2.007339E+01
770 810 -5.116399E+00  2.026428E+01
770 805 -5.003126E+00  2.026703E+01
770 800 -5.089757E+00  2.005692E+01
770 795 -5.077493E+00  2.002945E+01
770 790 -5.080524E+00  1.973145E+01
770 785 -5.036474E+00  2.020660E+01
770 780 -5.076023E+00  2.013382E+01
770 775 -5.042446E+00  2.053619E+01
770 770 -5.073267E+00  1.999512E+01
