770 770 -5.062565E+00  2.002121E+01
775 770 -5.022051E+00  2.005829E+01
780 770 -5.085485E+00  2.012283E+01
785 770 -5.154386E+00  1.974380E+01
790 770 -5.083602E+00  2.000748E+01
795 770 -5.113734E+00  2.001572E+01
800 770 -5.149654E+00  2.008575E+01
805 770 -5.105053E+00  2.000610E+01
810 770 -5.109096E+00  1.986328E+01
815 770 -5.107672E+00  1.982620E+01
820 770 -5.044421E+00  1.974792E+01
825 770 -5.132200E+00  1.973694E+01
830 770 -5.111392E+00  1.987564E+01
835 770 -5.049335E+00  1.962570E+01
840 770 -5.155351E+00  1.958450E+01
845 770 -5.138722E+00  1.967239E+01
850 770 -5.117777E+00  1.974106E+01
855 770 -5.173080E+00  1.984131E+01
860 770 -5.199630E+00  1.948975E+01
865 770 -5.127561E+00  1.941284E+01
870 770 -5.192281E+00  1.919724E+01
875 770 -5.230911E+00  1.935928E+01
880 770 -5.237939E+00  1.903793E+01
885 770 -5.207761E+00  1.920135E+01
890 770 -5.312397E+00  1.942383E+01
895 770 -5.216579E+00  1.912170E+01
900 770 -5.217912E+00  1.901871E+01
905 770 -5.368023E+00  1.880859E+01
910 770 -5.339268E+00  1.885254E+01
915 770 -5.415702E+00  1.875504E+01
920 770 -5.426358E+00  1.841995E+01
925 770 -5.428242E+00  1.819336E+01
930 770 -5.471557E+00  1.821396E+01
935 770 -5.503572E+00  1.817551E+01
940 770 -5.556074E+00  1.781433E+01
945 770 -5.488001E+00  1.739273E+01
950 770 -5.581659E+00  1.740234E+01
955 770 -5.663467E+00  1.714142E+01
960 770 -5.638112E+00  1.714279E+01
965 770 -5.854596E+00  1.655777E+01
970 770 -5.796628E+00  1.639297E+01
975 770 -5.903194E+00  1.583267E+01
980 770 -5.889277E+00  1.547424E+01
985 770 -6.020187E+00  1.517899E+01
990 770 -6.006912E+00  1.467361E+01
995 770 -6.185961E+00  1.421219E+01
1000 770 -6.222983E+00  1.362030E+01
1005 770 -6.366250E+00  1.313416E+01
1010 770 -6.420589E+00  1.232803E+01
1015 770 -6.530508E+00  1.186523E+01
1020 770 -6.632940E+00  1.094376E+01
1025 770 -6.726966E+00  1.024063E+01
1030 770 -6.854799E+00  9.770966E+00
1035 770 -6.866099E+00  8.767090E+00
1040 770 -7.227596E+00  7.818146E+00
1045 770 -7.136740E+00  6.906281E+00
1050 770 -7.428233E+00  6.083679E+00
1055 770 -7.504896E+00  4.839478E+00
1060 770 -7.685875E+00  3.894653E+00
1065 770 -7.881965E+00  2.658691E+00
1070 770 -8.060371E+00  1.826477E+00
1075 770 -8.269781E+00  3.131104E-01
1080 770 -8.389668E+00 -3.048706E-01
1085 770 -8.579098E+00 -1.994019E+00
1090 770 -8.843584E+00 -3.239594E+00
1095 770 -9.035769E+00 -4.638977E+00
1100 770 -9.176924E+00 -6.189423E+00
1105 770 -9.471312E+00 -7.080688E+00
1110 770 -9.620962E+00 -8.510284E+00
1115 770 -9.784393E+00 -9.862976E+00
1120 770 -1.006904E+01 -1.090805E+01
1125 770 -1.028162E+01 -1.259720E+01
1130 770 -1.047004E+01 -1.379883E+01
1135 770 -1.067789E+01 -1.537399E+01
1140 770 -1.086875E+01 -1.685440E+01
1145 770 -1.113328E+01 -1.783493E+01
1150 770 -1.134154E+01 -1.916153E+01
1155 770 -1.141425E+01 -2.045380E+01
1160 770 -1.165577E+01 -2.166504E+01
1165 770 -1.187212E+01 -2.281860E+01
1170 770 -1.192343E+01 -2.362198E+01
1175 770 -1.219774E+01 -2.522736E+01
1180 770 -1.234744E+01 -2.610489E+01
1185 770 -1.254110E+01 -2.755096E+01
1190 770 -1.273962E+01 -2.819778E+01
1195 770 -1.281564E+01 -2.914398E+01
1200 770 -1.293093E+01 -2.975098E+01
1205 770 -1.299827E+01 -3.050217E+01
1210 770 -1.316570E+01 -3.144699E+01
1215 770 -1.313240E+01 -3.199768E+01
1220 770 -1.328830E+01 -3.318008E+01
1225 770 -1.341930E+01 -3.319107E+01
1230 770 -1.353909E+01 -3.402328E+01
1235 770 -1.343175E+01 -3.486237E+01
1240 770 -1.354686E+01 -3.518784E+01
1245 770 -1.352274E+01 -3.588409E+01
1250 770 -1.365820E+01 -3.637573E+01
1255 770 -1.369306E+01 -3.658173E+01
1260 770 -1.370188E+01 -3.668610E+01
1265 770 -1.378736E+01 -3.825577E+01
1270 770 -1.380431E+01 -3.771057E+01
1275 770 -1.370487E+01 -3.807724E+01
1280 770 -1.380261E+01 -3.872681E+01
1285 770 -1.385374E+01 -3.873779E+01
1290 770 -1.390514E+01 -3.911819E+01
1295 770 -1.388759E+01 -3.931320E+01
1300 770 -1.394450E+01 -3.984055E+01
1305 770 -1.390183E+01 -3.966614E+01
1310 770 -1.395341E+01 -4.026489E+01
1315 770 -1.400454E+01 -3.968536E+01
1320 770 -1.400054E+01 -4.031296E+01
1325 770 -1.404882E+01 -4.091171E+01
1330 770 -1.404197E+01 -4.063156E+01
1335 770 -1.392994E+01 -4.098450E+01
1340 770 -1.399287E+01 -4.089798E+01
1345 770 -1.398589E+01 -4.150360E+01
1350 770 -1.402282E+01 -4.063156E+01
1355 770 -1.410986E+01 -4.148849E+01
1360 770 -1.403563E+01 -4.143631E+01
1365 770 -1.408216E+01 -4.175903E+01
1370 770 -1.415175E+01 -4.170959E+01
1375 770 -1.410476E+01 -4.204056E+01
1380 770 -1.409567E+01 -4.153519E+01
1385 770 -1.408267E+01 -4.182632E+01
1390 770 -1.405024E+01 -4.178101E+01
1395 770 -1.405764E+01 -4.256378E+01
1400 770 -1.421790E+01 -4.250610E+01
1405 770 -1.413655E+01 -4.249237E+01
1410 770 -1.421285E+01 -4.226990E+01
1415 770 -1.411331E+01 -4.170273E+01
1420 770 -1.389972E+01 -4.207352E+01
1425 770 -1.408993E+01 -4.236053E+01
1430 770 -1.407376E+01 -4.244293E+01
1435 770 -1.407845E+01 -4.257614E+01
1440 770 -1.406517E+01 -4.230560E+01
1445 770 -1.416645E+01 -4.267365E+01
1450 770 -1.407987E+01 -4.291946E+01
1455 770 -1.406540E+01 -4.364182E+01
1460 770 -1.405516E+01 -4.266815E+01
1465 770 -1.419732E+01 -4.245255E+01
1470 770 -1.412369E+01 -4.326828E+01
1475 770 -1.413076E+01 -4.260361E+01
1480 770 -1.400252E+01 -4.311172E+01
1485 770 -1.414165E+01 -4.295380E+01
1490 770 -1.416512E+01 -4.263519E+01
1495 770 -1.423255E+01 -4.292496E+01
1500 770 -1.409177E+01 -4.160385E+01
