1500 1500 -6.936745E+00  1.611241E+02
1495 1500 -6.976248E+00  1.602438E+02
1490 1500 -6.930314E+00  1.604498E+02
1485 1500 -6.992599E+00  1.608014E+02
1480 1500 -6.855947E+00  1.606201E+02
1475 1500 -6.908679E+00  1.606283E+02
1470 1500 -7.055161E+00  1.605089E+02
1465 1500 -6.990579E+00  1.603592E+02
1460 1500 -6.986399E+00  1.602727E+02
1455 1500 -6.962421E+00  1.606544E+02
1450 1500 -6.973767E+00  1.602246E+02
1445 1500 -7.008861E+00  1.604608E+02
1440 1500 -6.897287E+00  1.604004E+02
1435 1500 -6.953832E+00  1.599774E+02
1430 1500 -7.072524E+00  1.602658E+02
1425 1500 -7.004175E+00  1.605212E+02
1420 1500 -7.042116E+00  1.603125E+02
1415 1500 -7.015429E+00  1.602425E+02
1410 1500 -6.950938E+00  1.603290E+02
1405 1500 -7.049879E+00  1.600323E+02
1400 1500 -7.011754E+00  1.600159E+02
1395 1500 -7.061822E+00  1.604732E+02
1390 1500 -6.957139E+00  1.604828E+02
1385 1500 -7.066232E+00  1.599252E+02
1380 1500 -7.106515E+00  1.600145E+02
1375 1500 -6.989936E+00  1.598469E+02
1370 1500 -7.077852E+00  1.600708E+02
1365 1500 -7.037477E+00  1.599966E+02
1360 1500 -7.198888E+00  1.596767E+02
1355 1500 -7.071973E+00  1.602589E+02
1350 1500 -7.119330E+00  1.599829E+02
1345 1500 -7.168617E+00  1.596451E+02
1340 1500 -7.173257E+00  1.598621E+02
1335 1500 -7.152816E+00  1.597893E+02
1330 1500 -7.200633E+00  1.600420E+02
1325 1500 -7.175094E+00  1.599101E+02
1320 1500 -7.163840E+00  1.597371E+02
1315 1500 -7.132743E+00  1.597742E+02
1310 1500 -7.302513E+00  1.597536E+02
1305 1500 -7.259152E+00  1.593168E+02
1300 1500 -7.313538E+00  1.594638E+02
1295 1500 -7.356669E+00  1.591109E+02
1290 1500 -7.409906E+00  1.594363E+02
1285 1500 -7.340408E+00  1.592921E+02
1280 1500 -7.436777E+00  1.593196E+02
1275 1500 -7.436134E+00  1.590175E+02
1270 1500 -7.480736E+00  1.592468E+02
1265 1500 -7.620235E+00  1.593910E+02
1260 1500 -7.612105E+00  1.588939E+02
1255 1500 -7.672140E+00  1.584407E+02
1250 1500 -7.719452E+00  1.585368E+02
1245 1500 -7.778338E+00  1.584599E+02
1240 1500 -7.792854E+00  1.584173E+02
1235 1500 -7.907183E+00  1.582745E+02
1230 1500 -7.970755E+00  1.583761E+02
1225 1500 -8.063494E+00  1.580534E+02
1220 1500 -8.096521E+00  1.573572E+02
1215 1500 -8.263075E+00  1.571800E+02
1210 1500 -8.401520E+00  1.567392E+02
1205 1500 -8.607531E+00  1.566582E+02
1200 1500 -8.668209E+00  1.562009E+02
1195 1500 -8.702522E+00  1.554195E+02
1190 1500 -9.069899E+00  1.554318E+02
1185 1500 -9.065903E+00  1.548976E+02
1180 1500 -9.231125E+00  1.537344E+02
1175 1500 -9.385876E+00  1.531082E+02
1170 1500 -9.528177E+00  1.519437E+02
1165 1500 -9.817421E+00  1.510345E+02
1160 1500 -1.002160E+01  1.499071E+02
1155 1500 -1.007603E+01  1.487865E+02
1150 1500 -1.027156E+01  1.466469E+02
1145 1500 -1.053288E+01  1.458861E+02
1140 1500 -1.079773E+01  1.440953E+02
1135 1500 -1.087192E+01  1.418678E+02
1130 1500 -1.104150E+01  1.397214E+02
1125 1500 -1.114247E+01  1.372192E+02
1120 1500 -1.133920E+01  1.350494E+02
1115 1500 -1.144857E+01  1.323427E+02
1110 1500 -1.146905E+01  1.297005E+02
1105 1500 -1.154117E+01  1.267520E+02
1100 1500 -1.156519E+01  1.236978E+02
1095 1500 -1.153497E+01  1.208716E+02
1090 1500 -1.153685E+01  1.189819E+02
1085 1500 -1.134650E+01  1.159744E+02
1080 1500 -1.126125E+01  1.147810E+02
1075 1500 -1.107435E+01  1.109152E+02
1070 1500 -1.093347E+01  1.092741E+02
1065 1500 -1.070945E+01  1.076523E+02
1060 1500 -1.057964E+01  1.047176E+02
1055 1500 -1.049512E+01  1.039169E+02
1050 1500 -1.010083E+01  1.017966E+02
1045 1500 -9.950994E+00  1.004288E+02
1040 1500 -9.829500E+00  9.977234E+01
1035 1500 -9.538006E+00  9.805161E+01
1030 1500 -9.561432E+00  9.788269E+01
1025 1500 -9.247477E+00  9.666595E+01
1020 1500 -9.105267E+00  9.513748E+01
1015 1500 -8.970314E+00  9.529816E+01
1010 1500 -8.881800E+00  9.450714E+01
1005 1500 -8.855572E+00  9.281662E+01
1000 1500 -8.547771E+00  9.352661E+01
995 1500 -8.507488E+00  9.318192E+01
990 1500 -8.418652E+00  9.244995E+01
985 1500 -8.297434E+00  9.256119E+01
980 1500 -8.190086E+00  9.230576E+01
975 1500 -8.134783E+00  9.106018E+01
970 1500 -8.027712E+00  9.089127E+01
965 1500 -8.030376E+00  9.150238E+01
960 1500 -7.954081E+00  9.047791E+01
955 1500 -7.969974E+00  8.991898E+01
950 1500 -7.807231E+00  9.016891E+01
945 1500 -7.738377E+00  9.009338E+01
940 1500 -7.717155E+00  8.920212E+01
935 1500 -7.664286E+00  8.918976E+01
930 1500 -7.594467E+00  8.927490E+01
925 1500 -7.499476E+00  8.931061E+01
920 1500 -7.534386E+00  8.888626E+01
915 1500 -7.536178E+00  8.990662E+01
910 1500 -7.471595E+00  8.887115E+01
905 1500 -7.485329E+00  8.855667E+01
900 1500 -7.390246E+00  8.928726E+01
895 1500 -7.423319E+00  8.868851E+01
890 1500 -7.396080E+00  8.798401E+01
885 1500 -7.444861E+00  8.877090E+01
880 1500 -7.373940E+00  8.875168E+01
875 1500 -7.380876E+00  8.845505E+01
870 1500 -7.452303E+00  8.899612E+01
865 1500 -7.320198E+00  8.812271E+01
860 1500 -7.523638E+00  8.790985E+01
855 1500 -7.264067E+00  8.842346E+01
850 1500 -7.374399E+00  8.855667E+01
845 1500 -7.263791E+00  8.872009E+01
840 1500 -7.285886E+00  8.807327E+01
835 1500 -7.238574E+00  8.829575E+01
830 1500 -7.319233E+00  8.811859E+01
825 1500 -7.424007E+00  8.824081E+01
820 1500 -7.194891E+00  8.829025E+01
815 1500 -7.271278E+00  8.821884E+01
810 1500 -7.164483E+00  8.818588E+01
805 1500 -7.130079E+00  8.819138E+01
800 1500 -7.221119E+00  8.795792E+01
795 1500 -7.275183E+00  8.839737E+01
790 1500 -7.229984E+00  8.781921E+01
785 1500 -7.144916E+00  8.918427E+01
780 1500 -7.230076E+00  8.824493E+01
775 1500 -7.217260E+00  8.776428E+01
770 1500 -7.189930E+00  8.786179E+01
