1500 770 -1.405727E+01 -4.330261E+01
1500 775 -1.406981E+01 -4.314468E+01
1500 780 -1.417647E+01 -4.329025E+01
1500 785 -1.413104E+01 -4.342758E+01
1500 790 -1.431858E+01 -4.320923E+01
1500 795 -1.420444E+01 -4.349350E+01
1500 800 -1.419829E+01 -4.355255E+01
1500 805 -1.427160E+01 -4.353333E+01
1500 810 -1.427885E+01 -4.362259E+01
1500 815 -1.428074E+01 -4.336304E+01
1500 820 -1.437458E+01 -4.291809E+01
1500 825 -1.428593E+01 -4.402771E+01
1500 830 -1.424472E+01 -4.382584E+01
1500 835 -1.425373E+01 -4.420761E+01
1500 840 -1.428469E+01 -4.461960E+01
1500 845 -1.436608E+01 -4.469513E+01
1500 850 -1.446429E+01 -4.539551E+01
1500 855 -1.457724E+01 -4.493408E+01
1500 860 -1.443181E+01 -4.509888E+01
1500 865 -1.460388E+01 -4.514694E+01
1500 870 -1.454095E+01 -4.596268E+01
1500 875 -1.458022E+01 -4.584595E+01
1500 880 -1.471320E+01 -4.646805E+01
1500 885 -1.475279E+01 -4.690750E+01
1500 890 -1.476745E+01 -4.699677E+01
1500 895 -1.489951E+01 -4.725357E+01
1500 900 -1.496069E+01 -4.804871E+01
1500 905 -1.499863E+01 -4.840714E+01
1500 910 -1.511622E+01 -4.854446E+01
1500 915 -1.528934E+01 -5.047256E+01
1500 920 -1.535889E+01 -5.052338E+01
1500 925 -1.544322E+01 -5.178818E+01
1500 930 -1.554152E+01 -5.228943E+01
1500 935 -1.576467E+01 -5.350479E+01
1500 940 -1.583770E+01 -5.329605E+01
1500 945 -1.602708E+01 -5.554825E+01
1500 950 -1.612883E+01 -5.698608E+01
1500 955 -1.632537E+01 -5.878235E+01
1500 960 -1.642643E+01 -6.043991E+01
1500 965 -1.677727E+01 -6.146164E+01
1500 970 -1.692026E+01 -6.427139E+01
1500 975 -1.715402E+01 -6.745193E+01
1500 980 -1.729012E+01 -7.039352E+01
1500 985 -1.758060E+01 -7.382813E+01
1500 990 -1.766558E+01 -7.693863E+01
1500 995 -1.778036E+01 -8.073166E+01
1500 1000 -1.801426E+01 -8.365540E+01
1500 1005 -1.801954E+01 -8.887390E+01
1500 1010 -1.820856E+01 -9.339066E+01
1500 1015 -1.819795E+01 -9.907471E+01
1500 1020 -1.815068E+01 -1.035104E+02
1500 1025 -1.795670E+01 -1.091299E+02
1500 1030 -1.793080E+01 -1.143938E+02
1500 1035 -1.774132E+01 -1.192690E+02
1500 1040 -1.726949E+01 -1.244614E+02
1500 1045 -1.706950E+01 -1.291196E+02
1500 1050 -1.669390E+01 -1.339123E+02
1500 1055 -1.637089E+01 -1.382643E+02
1500 1060 -1.588368E+01 -1.424995E+02
1500 1065 -1.544961E+01 -1.462074E+02
1500 1070 -1.516418E+01 -1.498755E+02
1500 1075 -1.463787E+01 -1.529572E+02
1500 1080 -1.429975E+01 -1.565236E+02
1500 1085 -1.386462E+01 -1.590175E+02
1500 1090 -1.356780E+01 -1.619192E+02
1500 1095 -1.313153E+01 -1.643417E+02
1500 1100 -1.280659E+01 -1.665582E+02
1500 1105 -1.241005E+01 -1.687473E+02
1500 1110 -1.207905E+01 -1.709898E+02
1500 1115 -1.178361E+01 -1.727284E+02
1500 1120 -1.146887E+01 -1.745425E+02
1500 1125 -1.117361E+01 -1.762756E+02
1500 1130 -1.085837E+01 -1.778769E+02
1500 1135 -1.068892E+01 -1.793161E+02
1500 1140 -1.037992E+01  1.796581E+02
1500 1145 -1.014006E+01  1.780403E+02
1500 1150 -9.948698E+00  1.762894E+02
1500 1155 -9.710165E+00  1.754640E+02
1500 1160 -9.545631E+00  1.743132E+02
1500 1165 -9.372784E+00  1.734796E+02
1500 1170 -9.153772E+00  1.726144E+02
1500 1175 -9.124697E+00  1.715858E+02
1500 1180 -8.923508E+00  1.707646E+02
1500 1185 -8.711248E+00  1.700368E+02
1500 1190 -8.613319E+00  1.694298E+02
1500 1195 -8.481352E+00  1.685330E+02
1500 1200 -8.342541E+00  1.681664E+02
1500 1205 -8.283333E+00  1.673643E+02
1500 1210 -8.236296E+00  1.668905E+02
1500 1215 -8.111725E+00  1.659993E+02
1500 1220 -8.063402E+00  1.658290E+02
1500 1225 -7.992389E+00  1.654239E+02
1500 1230 -7.914486E+00  1.651904E+02
1500 1235 -7.859136E+00  1.644955E+02
1500 1240 -7.777190E+00  1.641234E+02
1500 1245 -7.587898E+00  1.641495E+02
1500 1250 -7.673611E+00  1.636358E+02
1500 1255 -7.647244E+00  1.640465E+02
1500 1260 -7.535167E+00  1.627638E+02
1500 1265 -7.533559E+00  1.628641E+02
1500 1270 -7.489141E+00  1.628050E+02
1500 1275 -7.477107E+00  1.627103E+02
1500 1280 -7.400306E+00  1.624054E+02
1500 1285 -7.376650E+00  1.619975E+02
1500 1290 -7.380371E+00  1.615430E+02
1500 1295 -7.299987E+00  1.617709E+02
1500 1300 -7.313951E+00  1.615430E+02
1500 1305 -7.262184E+00  1.618162E+02
1500 1310 -7.280006E+00  1.614578E+02
1500 1315 -7.242662E+00  1.606709E+02
1500 1320 -7.237288E+00  1.611008E+02
1500 1325 -7.150474E+00  1.615388E+02
1500 1330 -7.183362E+00  1.607355E+02
1500 1335 -7.065681E+00  1.604773E+02
1500 1340 -7.119514E+00  1.610335E+02
1500 1345 -7.113635E+00  1.606943E+02
1500 1350 -7.233705E+00  1.609868E+02
1500 1355 -7.083640E+00  1.608810E+02
1500 1360 -7.157042E+00  1.607671E+02
1500 1365 -7.055804E+00  1.606242E+02
1500 1370 -6.999536E+00  1.606050E+02
1500 1375 -7.041749E+00  1.607162E+02
1500 1380 -7.101692E+00  1.602589E+02
1500 1385 -7.080792E+00  1.605446E+02
1500 1390 -7.110925E+00  1.603976E+02
1500 1395 -7.048317E+00  1.605597E+02
1500 1400 -7.034032E+00  1.605171E+02
1500 1405 -7.101141E+00  1.603990E+02
1500 1410 -7.076934E+00  1.605542E+02
1500 1415 -7.016761E+00  1.599417E+02
1500 1420 -7.016761E+00  1.604608E+02
1500 1425 -7.110006E+00  1.599541E+02
1500 1430 -6.975880E+00  1.604567E+02
1500 1435 -6.955945E+00  1.602191E+02
1500 1440 -7.044505E+00  1.606572E+02
1500 1445 -6.953005E+00  1.603276E+02
1500 1450 -7.045515E+00  1.604800E+02
1500 1455 -6.925674E+00  1.605913E+02
1500 1460 -6.948045E+00  1.599280E+02
1500 1465 -6.971148E+00  1.606339E+02
1500 1470 -6.938858E+00  1.604608E+02
1500 1475 -6.970460E+00  1.601601E+02
1500 1480 -6.928385E+00  1.602919E+02
1500 1485 -6.958287E+00  1.604182E+02
1500 1490 -6.852549E+00  1.608371E+02
1500 1495 -6.960125E+00  1.605707E+02
1500 1500 -6.928385E+00  1.605995E+02
