60	560	535	547	665	593	490	547	590
57.5	560	535	540	665	605	505	545	583
55	560	535	532	660	620	520	545	575
52.5	560	535	526	655	637	535	540	567
50	560	535	515	655	655	555	545	560
47.5	560	535	505	650	670	570	542	550
45	560	535	495	643	675	585	547	545
42.5	560	535	485	635	680	603	558	540
40	560	535	470	630	670	620	568	535
37.5	560	535	440	625	655	630	579	540
35	560	535	435	615	637	645	593	545
32.5	560	535	425	605	620	655	605	550
30	560	535	373	600	600	662	610	564
27.5	560	535	370	590	580	665	620	579
25	560	535	355	580	560	660	613	590
22.5	560	535	360	570	540	650	605	600
20	560	535	360	560	515	640	592	605
17.5	560	535	360	550	495	622	578	605
15	560	535	380	535	475	605	565	604
12.5	560	535	440	525	455	587	551	595
10	560	535	440	510	440	570	545	582
7.5	560	535	470	500	460	548	540	569
5	560	535	485	485	477	525	540	555
2.5	560	535	495	465	495	500	545	545
0	560	535	510	445	523	485	560	539
-2.5	560	535	525	425	545	470	575	537
-5	560	535	540	410	565	467	590	545
-7.5	560	535	555	395	590	490	605	551
-10	560	535	570	435	615	515	615	566
-12.5	560	535	583	455	645	540	615	582
-15	560	535	600	473	665	565	610	592
-17.5	560	535	615	505	680	590	600	602
-20	560	535	630	520	675	610	586	605
-22.5	560	535	645	533	660	630	572	605
-25	560	535	660	550	640	645	562	600
-27.5	560	535	670	565	620	655	550	592
-30	560	535	680	575	600	662	545	580
-32.5	560	535	685	590	580	660	540	569
-35	560	535	690	600	562	660	540	557
-37.5	560	535	683	610	545	650	545	545
-40	560	535	680	615	525	645	555	545
-42.5	560	535	670	622	510	630	565	538
-45	560	535	663	630	490	620	575	539
-47.5	560	535	655	635	470	610	585	538
-50	560	535	645	640	465	595	595	547
-52.5	560	535	640	645	445	585	602	550
-55	560	535	632	650	444	570	610	560
-57.5	560	535	625	650	450	560	615	567
-60	560	535	622	655	450	550	620	578
