60	550	521	558	630	590	525	530	601
57.5	550	521	554	630	600	530	520	596
55	550	521	550	625	607	540	515	582
52.5	550	521	545	625	620	543	515	570
50	550	521	539	625	630	555	515	556
47.5	550	521	533	620	635	567	525	543
45	550	521	528	620	640	577	530	530
42.5	550	521	520	615	640	590	543	520
40	550	521	514	610	635	600	560	515
37.5	550	521	505	605	630	610	577	515
35	550	521	500	600	620	620	597	525
32.5	550	521	498	595	608	625	616	540
30	550	521	490	588	595	630	635	565
27.5	550	521	490	581	582	630	640	585
25	550	521	485	575	565	630	630	600
22.5	550	521	490	565	553	625	615	615
20	550	521	485	559	540	615	598	625
17.5	550	521	490	551	525	605	576	625
15	550	521	365	590	515	597	556	620
12.5	550	521	500	535	505	582	535	610
10	550	521	370	575	505	567	525	590
7.5	550	521	510	515	505	551	515	571
5	550	521	415	560	515	537	515	550
2.5	550	521	525	505	527	525	530	530
0	550	521	535	500	540	515	546	515
-2.5	550	521	545	495	557	510	570	510
-5	550	521	480	530	570	510	594	525
-7.5	550	521	565	495	588	525	617	540
-10	550	521	505	520	605	535	635	567
-12.5	550	521	594	525	622	547	635	590
-15	550	521	594	515	635	566	630	610
-17.5	550	521	604	530	640	581	608	620
-20	550	521	613	535	640	595	590	625
-22.5	550	521	622	545	635	610	567	625
-25	550	521	630	554	620	618	550	616
-27.5	550	521	635	561	608	625	531	605
-30	550	521	640	570	595	630	520	590
-32.5	550	521	645	579	582	630	515	571
-35	550	521	645	586	570	630	520	554
-37.5	550	521	640	591	556	625	525	535
-40	550	521	640	598	545	620	535	525
-42.5	550	521	640	604	530	615	553	515
-45	550	521	635	609	525	600	567	510
-47.5	550	521	630	613	515	595	585	515
-50	550	521	630	618	510	585	600	531
-52.5	550	521	624	620	505	576	615	540
-55	550	521	620	622	500	568	630	550
-57.5	550	521	615	625	505	560	635	570
-60	550	521	610	626	505	552	635	580