395 755 -6.655907E+00 -2.215530E+01
395 750 -6.641667E+00 -2.182571E+01
395 745 -6.672443E+00 -2.151947E+01
395 740 -6.679287E+00 -2.185455E+01
395 735 -6.715528E+00 -2.123245E+01
395 730 -6.777631E+00 -2.101959E+01
395 725 -6.821819E+00 -2.066940E+01
395 720 -6.927098E+00 -2.089188E+01
395 715 -6.967658E+00 -2.001022E+01
395 710 -7.047031E+00 -2.001434E+01
395 705 -7.085110E+00 -1.983856E+01
395 700 -7.123832E+00 -1.936340E+01
395 695 -7.154469E+00 -1.868225E+01
395 690 -7.316569E+00 -1.842545E+01
395 685 -7.394426E+00 -1.819885E+01
395 680 -7.458595E+00 -1.748199E+01
395 675 -7.610727E+00 -1.682556E+01
395 670 -7.679490E+00 -1.603317E+01
395 665 -7.763502E+00 -1.546463E+01
395 660 -7.897261E+00 -1.474777E+01
395 655 -7.994548E+00 -1.389908E+01
395 650 -8.090044E+00 -1.265625E+01
395 645 -8.220633E+00 -1.208359E+01
395 640 -8.379425E+00 -1.076248E+01
395 635 -8.463575E+00 -9.753113E+00
395 630 -8.626501E+00 -8.581696E+00
395 625 -8.720573E+00 -6.749725E+00
395 620 -8.853138E+00 -5.494537E+00
395 615 -8.982533E+00 -3.831482E+00
395 610 -9.092268E+00 -2.097015E+00
395 605 -9.212889E+00 -3.488159E-01
395 600 -9.324369E+00  1.859436E+00
395 595 -9.375816E+00  3.496399E+00
395 590 -9.451147E+00  5.619507E+00
395 585 -9.498871E+00  7.782440E+00
395 580 -9.467453E+00  9.728394E+00
395 575 -9.584583E+00  1.178970E+01
395 570 -9.511549E+00  1.390732E+01
395 565 -9.503603E+00  1.621857E+01
395 560 -9.442097E+00  1.791183E+01
395 555 -9.379030E+00  1.967789E+01
395 550 -9.351931E+00  2.165955E+01
395 545 -9.257399E+00  2.347366E+01
395 540 -9.163832E+00  2.508728E+01
395 535 -9.099709E+00  2.655258E+01
395 530 -8.991858E+00  2.796844E+01
395 525 -8.882536E+00  2.922775E+01
395 520 -8.778633E+00  3.051041E+01
395 515 -8.729576E+00  3.161728E+01
395 510 -8.615065E+00  3.246597E+01
395 505 -8.538309E+00  3.346161E+01
395 500 -8.432938E+00  3.430481E+01
395 495 -8.355999E+00  3.502579E+01
395 490 -8.269827E+00  3.569183E+01
395 485 -8.202948E+00  3.637299E+01
395 480 -8.086231E+00  3.683167E+01
395 475 -8.044064E+00  3.744278E+01
395 470 -7.999233E+00  3.790283E+01
395 465 -7.937545E+00  3.838074E+01
395 460 -7.857574E+00  3.854965E+01
395 455 -7.825467E+00  3.910583E+01
395 450 -7.749217E+00  3.947800E+01
395 445 -7.748023E+00  3.954941E+01
395 440 -7.698645E+00  3.968811E+01
395 435 -7.616469E+00  4.026901E+01
395 430 -7.621982E+00  4.031433E+01
395 425 -7.617158E+00  4.040085E+01
395 420 -7.546971E+00  4.069748E+01
395 415 -7.564197E+00  4.096802E+01
395 410 -7.544766E+00  4.079086E+01
395 405 -7.492770E+00  4.124954E+01
395 400 -7.458320E+00  4.116989E+01
395 395 -7.450465E+00  4.131546E+01
