755 395 -1.408267E+01  1.608028E+02
755 400 -1.409824E+01  1.615430E+02
755 405 -1.413834E+01  1.616624E+02
755 410 -1.414202E+01  1.621857E+02
755 415 -1.411735E+01  1.627583E+02
755 420 -1.417275E+01  1.629300E+02
755 425 -1.417426E+01  1.634491E+02
755 430 -1.418708E+01  1.644818E+02
755 435 -1.420435E+01  1.648512E+02
755 440 -1.418221E+01  1.653950E+02
755 445 -1.424665E+01  1.659526E+02
755 450 -1.426866E+01  1.669743E+02
755 455 -1.425331E+01  1.678326E+02
755 460 -1.426677E+01  1.689134E+02
755 465 -1.427513E+01  1.697662E+02
755 470 -1.431601E+01  1.711807E+02
755 475 -1.427959E+01  1.721846E+02
755 480 -1.433204E+01  1.734631E+02
755 485 -1.432740E+01  1.750218E+02
755 490 -1.438450E+01  1.765956E+02
755 495 -1.436810E+01  1.782861E+02
755 500 -1.436227E+01  1.799313E+02
755 505 -1.437568E+01 -1.779867E+02
755 510 -1.434863E+01 -1.758513E+02
755 515 -1.430807E+01 -1.740701E+02
755 520 -1.429318E+01 -1.717369E+02
755 525 -1.421271E+01 -1.691785E+02
755 530 -1.417440E+01 -1.665926E+02
755 535 -1.412029E+01 -1.639503E+02
755 540 -1.405552E+01 -1.612999E+02
755 545 -1.392719E+01 -1.581386E+02
755 550 -1.381267E+01 -1.558479E+02
755 555 -1.365967E+01 -1.528294E+02
755 560 -1.351975E+01 -1.498288E+02
755 565 -1.332670E+01 -1.471165E+02
755 570 -1.316901E+01 -1.442244E+02
755 575 -1.296479E+01 -1.413007E+02
755 580 -1.277862E+01 -1.387065E+02
755 585 -1.257734E+01 -1.360780E+02
755 590 -1.237169E+01 -1.335141E+02
755 595 -1.214450E+01 -1.309721E+02
755 600 -1.191686E+01 -1.285606E+02
755 605 -1.168508E+01 -1.265089E+02
755 610 -1.149349E+01 -1.243240E+02
755 615 -1.128991E+01 -1.222394E+02
755 620 -1.107701E+01 -1.204280E+02
755 625 -1.087054E+01 -1.186111E+02
755 630 -1.070132E+01 -1.168478E+02
755 635 -1.050794E+01 -1.154045E+02
755 640 -1.033027E+01 -1.139021E+02
755 645 -1.017065E+01 -1.125467E+02
755 650 -1.002665E+01 -1.112572E+02
755 655 -9.867809E+00 -1.100720E+02
755 660 -9.725048E+00 -1.089720E+02
755 665 -9.610031E+00 -1.080931E+02
755 670 -9.483116E+00 -1.071057E+02
755 675 -9.339298E+00 -1.061732E+02
755 680 -9.213945E+00 -1.054440E+02
755 685 -9.140636E+00 -1.046489E+02
755 690 -9.055750E+00 -1.040213E+02
755 695 -8.962414E+00 -1.033264E+02
755 700 -8.891722E+00 -1.028389E+02
755 705 -8.813864E+00 -1.022855E+02
755 710 -8.768206E+00 -1.017416E+02
755 715 -8.682264E+00 -1.012898E+02
755 720 -8.608910E+00 -1.009410E+02
755 725 -8.567339E+00 -1.004549E+02
755 730 -8.489298E+00 -9.999893E+01
755 735 -8.471567E+00 -9.973938E+01
755 740 -8.434040E+00 -9.949356E+01
755 745 -8.384892E+00 -9.922165E+01
755 750 -8.352783E+00 -9.889343E+01
755 755 -8.311306E+00 -9.860229E+01
