395 395 -7.421344E+00  4.140884E+01
400 395 -7.492540E+00  4.173843E+01
405 395 -7.458228E+00  4.177414E+01
410 395 -7.501451E+00  4.195679E+01
415 395 -7.522305E+00  4.199249E+01
420 395 -7.530023E+00  4.206528E+01
425 395 -7.590425E+00  4.225754E+01
430 395 -7.593640E+00  4.250885E+01
435 395 -7.635072E+00  4.286316E+01
440 395 -7.642330E+00  4.301422E+01
445 395 -7.664378E+00  4.338638E+01
450 395 -7.762951E+00  4.361160E+01
455 395 -7.829049E+00  4.389725E+01
460 395 -7.928771E+00  4.421997E+01
465 395 -7.936488E+00  4.450699E+01
470 395 -7.989082E+00  4.506317E+01
475 395 -8.069603E+00  4.550125E+01
480 395 -8.148609E+00  4.602036E+01
485 395 -8.223940E+00  4.649551E+01
490 395 -8.318563E+00  4.701874E+01
495 395 -8.418148E+00  4.784958E+01
500 395 -8.519339E+00  4.851837E+01
505 395 -8.664259E+00  4.936569E+01
510 395 -8.777348E+00  5.004684E+01
515 395 -8.907248E+00  5.107269E+01
520 395 -9.067371E+00  5.208069E+01
525 395 -9.217896E+00  5.311203E+01
530 395 -9.362679E+00  5.421616E+01
535 395 -9.567495E+00  5.562515E+01
540 395 -9.787655E+00  5.688995E+01
545 395 -9.975569E+00  5.849945E+01
550 395 -1.023248E+01  6.000458E+01
555 395 -1.048245E+01  6.186539E+01
560 395 -1.070274E+01  6.366028E+01
565 395 -1.098670E+01  6.559113E+01
570 395 -1.125441E+01  6.798752E+01
575 395 -1.150635E+01  7.023285E+01
580 395 -1.181415E+01  7.266220E+01
585 395 -1.209141E+01  7.507370E+01
590 395 -1.241363E+01  7.811966E+01
595 395 -1.271436E+01  8.110657E+01
600 395 -1.299363E+01  8.417999E+01
605 395 -1.328306E+01  8.752121E+01
610 395 -1.352600E+01  9.085831E+01
615 395 -1.378631E+01  9.453323E+01
620 395 -1.408327E+01  9.813675E+01
625 395 -1.426833E+01  1.019202E+02
630 395 -1.444192E+01  1.057173E+02
635 395 -1.464908E+01  1.095941E+02
640 395 -1.470034E+01  1.135162E+02
645 395 -1.482271E+01  1.171225E+02
650 395 -1.487617E+01  1.205447E+02
655 395 -1.499068E+01  1.242183E+02
660 395 -1.496510E+01  1.274895E+02
665 395 -1.497925E+01  1.306343E+02
670 395 -1.497856E+01  1.337064E+02
675 395 -1.495031E+01  1.364941E+02
680 395 -1.491522E+01  1.393588E+02
685 395 -1.483603E+01  1.413721E+02
690 395 -1.482339E+01  1.441090E+02
695 395 -1.477815E+01  1.464079E+02
700 395 -1.465358E+01  1.477373E+02
705 395 -1.460691E+01  1.494772E+02
710 395 -1.453048E+01  1.508464E+02
715 395 -1.453773E+01  1.527786E+02
720 395 -1.446544E+01  1.543977E+02
725 395 -1.437536E+01  1.551668E+02
730 395 -1.433218E+01  1.566183E+02
735 395 -1.425483E+01  1.577074E+02
740 395 -1.424785E+01  1.586961E+02
745 395 -1.420687E+01  1.591974E+02
750 395 -1.411974E+01  1.597755E+02
755 395 -1.405190E+01  1.607162E+02
