755 755 -8.295137E+00 -9.861603E+01
750 755 -8.350212E+00 -9.828232E+01
745 755 -8.419985E+00 -9.821503E+01
740 755 -8.468857E+00 -9.787994E+01
735 755 -8.525999E+00 -9.761078E+01
730 755 -8.586035E+00 -9.734161E+01
725 755 -8.700087E+00 -9.695297E+01
720 755 -8.753002E+00 -9.660965E+01
715 755 -8.834764E+00 -9.630478E+01
710 755 -8.929846E+00 -9.565247E+01
705 755 -9.029844E+00 -9.507706E+01
700 755 -9.149134E+00 -9.446182E+01
695 755 -9.251472E+00 -9.394684E+01
690 755 -9.361208E+00 -9.312149E+01
685 755 -9.486698E+00 -9.218903E+01
680 755 -9.610214E+00 -9.129776E+01
675 755 -9.754583E+00 -9.030624E+01
670 755 -9.910389E+00 -8.914307E+01
665 755 -1.005949E+01 -8.779449E+01
660 755 -1.020372E+01 -8.630997E+01
655 755 -1.035581E+01 -8.472244E+01
650 755 -1.050987E+01 -8.314453E+01
645 755 -1.068111E+01 -8.126175E+01
640 755 -1.082093E+01 -7.903427E+01
635 755 -1.094739E+01 -7.674774E+01
630 755 -1.110388E+01 -7.420029E+01
625 755 -1.116240E+01 -7.180389E+01
620 755 -1.124857E+01 -6.891724E+01
615 755 -1.132216E+01 -6.617889E+01
610 755 -1.134016E+01 -6.333755E+01
605 755 -1.129276E+01 -6.048523E+01
600 755 -1.124246E+01 -5.733353E+01
595 755 -1.115951E+01 -5.435760E+01
590 755 -1.103792E+01 -5.156296E+01
585 755 -1.091294E+01 -4.884659E+01
580 755 -1.075249E+01 -4.620850E+01
575 755 -1.054910E+01 -4.393570E+01
570 755 -1.036063E+01 -4.178787E+01
565 755 -1.019577E+01 -3.938873E+01
560 755 -9.939190E+00 -3.773804E+01
555 755 -9.736301E+00 -3.600632E+01
550 755 -9.522205E+00 -3.461655E+01
545 755 -9.341732E+00 -3.315536E+01
540 755 -9.106920E+00 -3.202515E+01
535 755 -8.910601E+00 -3.083450E+01
530 755 -8.726360E+00 -2.990479E+01
525 755 -8.593613E+00 -2.894897E+01
520 755 -8.413876E+00 -2.796432E+01
515 755 -8.173552E+00 -2.745483E+01
510 755 -8.083797E+00 -2.657043E+01
505 755 -7.979023E+00 -2.608978E+01
500 755 -7.811411E+00 -2.578079E+01
495 755 -7.707463E+00 -2.550064E+01
490 755 -7.583076E+00 -2.483871E+01
485 755 -7.524235E+00 -2.460526E+01
480 755 -7.385331E+00 -2.434433E+01
475 755 -7.329706E+00 -2.357666E+01
470 755 -7.213678E+00 -2.357254E+01
465 755 -7.203848E+00 -2.341461E+01
460 755 -7.072478E+00 -2.358353E+01
455 755 -7.017817E+00 -2.282547E+01
450 755 -6.933989E+00 -2.310974E+01
445 755 -6.858520E+00 -2.256866E+01
440 755 -6.882221E+00 -2.272522E+01
435 755 -6.824437E+00 -2.248352E+01
430 755 -6.771935E+00 -2.227203E+01
425 755 -6.774048E+00 -2.223221E+01
420 755 -6.707169E+00 -2.223633E+01
415 755 -6.703724E+00 -2.222946E+01
410 755 -6.661373E+00 -2.241898E+01
405 755 -6.636109E+00 -2.231049E+01
400 755 -6.635007E+00 -2.199051E+01
395 755 -6.546172E+00 -2.208527E+01
