400 750 -6.660546E+00 -2.191223E+01
400 745 -6.704321E+00 -2.152084E+01
400 740 -6.730870E+00 -2.163345E+01
400 735 -6.784200E+00 -2.152634E+01
400 730 -6.808728E+00 -2.116379E+01
400 725 -6.845475E+00 -2.096878E+01
400 720 -6.952729E+00 -2.070786E+01
400 715 -6.981392E+00 -2.006790E+01
400 710 -7.078220E+00 -2.027252E+01
400 705 -7.086809E+00 -1.981934E+01
400 700 -7.185291E+00 -1.932907E+01
400 695 -7.264159E+00 -1.863693E+01
400 690 -7.323183E+00 -1.857788E+01
400 685 -7.378579E+00 -1.828125E+01
400 680 -7.542194E+00 -1.766876E+01
400 675 -7.633143E+00 -1.675415E+01
400 670 -7.669568E+00 -1.622269E+01
400 665 -7.799514E+00 -1.581482E+01
400 660 -7.927117E+00 -1.470108E+01
400 655 -8.000244E+00 -1.408859E+01
400 650 -8.142178E+00 -1.298996E+01
400 645 -8.255680E+00 -1.208908E+01
400 640 -8.380941E+00 -1.081192E+01
400 635 -8.527193E+00 -9.905548E+00
400 630 -8.639822E+00 -8.489685E+00
400 625 -8.771376E+00 -6.958466E+00
400 620 -8.925713E+00 -5.578308E+00
400 615 -9.058186E+00 -3.938599E+00
400 610 -9.164980E+00 -2.187653E+00
400 605 -9.222673E+00 -4.023743E-01
400 600 -9.349174E+00  1.533966E+00
400 595 -9.379581E+00  3.554077E+00
400 590 -9.441914E+00  5.431366E+00
400 585 -9.490145E+00  7.662964E+00
400 580 -9.517704E+00  9.738007E+00
400 575 -9.533092E+00  1.176361E+01
400 570 -9.555462E+00  1.406250E+01
400 565 -9.532907E+00  1.597961E+01
400 560 -9.482565E+00  1.798187E+01
400 555 -9.433048E+00  1.972733E+01
400 550 -9.356247E+00  2.182159E+01
400 545 -9.304527E+00  2.362610E+01
400 540 -9.206596E+00  2.491562E+01
400 535 -9.124926E+00  2.649902E+01
400 530 -9.018452E+00  2.787781E+01
400 525 -8.935680E+00  2.908768E+01
400 520 -8.815243E+00  3.044449E+01
400 515 -8.742943E+00  3.142090E+01
400 510 -8.647676E+00  3.261978E+01
400 505 -8.516537E+00  3.335724E+01
400 500 -8.487230E+00  3.436935E+01
400 495 -8.386866E+00  3.497910E+01
400 490 -8.288797E+00  3.572342E+01
400 485 -8.218842E+00  3.636749E+01
400 480 -8.168591E+00  3.700058E+01
400 475 -8.042318E+00  3.753479E+01
400 470 -8.009338E+00  3.796188E+01
400 465 -7.971214E+00  3.835327E+01
400 460 -7.871033E+00  3.870758E+01
400 455 -7.840946E+00  3.903580E+01
400 450 -7.791798E+00  3.938324E+01
400 445 -7.747839E+00  3.983643E+01
400 440 -7.693224E+00  4.009872E+01
400 435 -7.655834E+00  4.002045E+01
400 430 -7.655467E+00  4.045303E+01
400 425 -7.559190E+00  4.044891E+01
400 420 -7.591297E+00  4.077438E+01
400 415 -7.531033E+00  4.075516E+01
400 410 -7.517069E+00  4.087463E+01
400 405 -7.530344E+00  4.118500E+01
400 400 -7.447204E+00  4.148300E+01
