750 400 -1.417100E+01  1.605885E+02
750 405 -1.417651E+01  1.611777E+02
750 410 -1.415607E+01  1.609360E+02
750 415 -1.417174E+01  1.619151E+02
750 420 -1.417615E+01  1.622104E+02
750 425 -1.423990E+01  1.629369E+02
750 430 -1.423526E+01  1.632225E+02
750 435 -1.424289E+01  1.641632E+02
750 440 -1.429709E+01  1.645491E+02
750 445 -1.424845E+01  1.650970E+02
750 450 -1.426590E+01  1.661311E+02
750 455 -1.429718E+01  1.671515E+02
750 460 -1.431973E+01  1.680166E+02
750 465 -1.439212E+01  1.693433E+02
750 470 -1.438308E+01  1.701068E+02
750 475 -1.446194E+01  1.714650E+02
750 480 -1.441679E+01  1.729399E+02
750 485 -1.444555E+01  1.746840E+02
750 490 -1.442988E+01  1.755162E+02
750 495 -1.441794E+01  1.773962E+02
750 500 -1.443507E+01  1.791156E+02
750 505 -1.441091E+01 -1.787462E+02
750 510 -1.446998E+01 -1.769554E+02
750 515 -1.438675E+01 -1.744711E+02
750 520 -1.435473E+01 -1.721063E+02
750 525 -1.432235E+01 -1.696316E+02
750 530 -1.426429E+01 -1.671377E+02
750 535 -1.418303E+01 -1.646191E+02
750 540 -1.410421E+01 -1.617393E+02
750 545 -1.401005E+01 -1.588348E+02
750 550 -1.388690E+01 -1.560759E+02
750 555 -1.375489E+01 -1.532043E+02
750 560 -1.359499E+01 -1.503300E+02
750 565 -1.344410E+01 -1.474763E+02
750 570 -1.327245E+01 -1.444757E+02
750 575 -1.306892E+01 -1.414421E+02
750 580 -1.287420E+01 -1.387752E+02
750 585 -1.266512E+01 -1.361810E+02
750 590 -1.243421E+01 -1.335539E+02
750 595 -1.223160E+01 -1.310380E+02
750 600 -1.202563E+01 -1.285565E+02
750 605 -1.178710E+01 -1.264265E+02
750 610 -1.159119E+01 -1.241949E+02
750 615 -1.135757E+01 -1.223012E+02
750 620 -1.116075E+01 -1.203058E+02
750 625 -1.094458E+01 -1.184505E+02
750 630 -1.074900E+01 -1.168259E+02
750 635 -1.058603E+01 -1.152315E+02
750 640 -1.041722E+01 -1.138760E+02
750 645 -1.022843E+01 -1.125577E+02
750 650 -1.007502E+01 -1.111652E+02
750 655 -9.930510E+00 -1.101187E+02
750 660 -9.787195E+00 -1.088608E+02
750 665 -9.675348E+00 -1.079956E+02
750 670 -9.533827E+00 -1.069409E+02
750 675 -9.409117E+00 -1.061115E+02
750 680 -9.316423E+00 -1.054207E+02
750 685 -9.196766E+00 -1.046613E+02
750 690 -9.123823E+00 -1.038840E+02
750 695 -9.013538E+00 -1.033044E+02
750 700 -8.949827E+00 -1.027153E+02
750 705 -8.850565E+00 -1.021152E+02
750 710 -8.795767E+00 -1.015796E+02
750 715 -8.733021E+00 -1.012843E+02
750 720 -8.657370E+00 -1.006279E+02
750 725 -8.606796E+00 -1.004233E+02
750 730 -8.576387E+00 -1.000305E+02
750 735 -8.517685E+00 -9.960754E+01
750 740 -8.477125E+00 -9.927933E+01
750 745 -8.446718E+00 -9.897995E+01
750 750 -8.382961E+00 -9.876846E+01
