400 400 -7.496583E+00  4.117538E+01
405 400 -7.489326E+00  4.177414E+01
410 400 -7.508939E+00  4.171371E+01
415 400 -7.555378E+00  4.177826E+01
420 400 -7.554688E+00  4.202545E+01
425 400 -7.606686E+00  4.230286E+01
430 400 -7.640401E+00  4.241547E+01
435 400 -7.654226E+00  4.265854E+01
440 400 -7.710725E+00  4.284256E+01
445 400 -7.760839E+00  4.321472E+01
450 400 -7.760149E+00  4.352234E+01
455 400 -7.814672E+00  4.387802E+01
460 400 -7.926796E+00  4.398926E+01
465 400 -7.928634E+00  4.441360E+01
470 400 -7.987199E+00  4.495056E+01
475 400 -8.086277E+00  4.540237E+01
480 400 -8.153065E+00  4.576218E+01
485 400 -8.227982E+00  4.628265E+01
490 400 -8.351452E+00  4.694458E+01
495 400 -8.460773E+00  4.761612E+01
500 400 -8.568304E+00  4.845383E+01
505 400 -8.659803E+00  4.912949E+01
510 400 -8.785110E+00  4.999329E+01
515 400 -8.954100E+00  5.093536E+01
520 400 -9.086802E+00  5.188843E+01
525 400 -9.259604E+00  5.300079E+01
530 400 -9.424229E+00  5.414886E+01
535 400 -9.634192E+00  5.545624E+01
540 400 -9.819626E+00  5.679382E+01
545 400 -9.996010E+00  5.827560E+01
550 400 -1.027418E+01  5.988510E+01
555 400 -1.047478E+01  6.161682E+01
560 400 -1.071923E+01  6.370285E+01
565 400 -1.097683E+01  6.546066E+01
570 400 -1.127411E+01  6.782959E+01
575 400 -1.155885E+01  7.009552E+01
580 400 -1.185067E+01  7.260864E+01
585 400 -1.215732E+01  7.525360E+01
590 400 -1.244179E+01  7.791779E+01
595 400 -1.278009E+01  8.093216E+01
600 400 -1.302767E+01  8.413605E+01
605 400 -1.330754E+01  8.765579E+01
610 400 -1.359821E+01  9.106293E+01
615 400 -1.385346E+01  9.469940E+01
620 400 -1.411207E+01  9.837158E+01
625 400 -1.430876E+01  1.020493E+02
630 400 -1.451876E+01  1.056926E+02
635 400 -1.462584E+01  1.096518E+02
640 400 -1.479905E+01  1.134242E+02
645 400 -1.486643E+01  1.174699E+02
650 400 -1.494934E+01  1.211050E+02
655 400 -1.500704E+01  1.244778E+02
660 400 -1.503276E+01  1.276584E+02
665 400 -1.502376E+01  1.308005E+02
670 400 -1.501696E+01  1.342502E+02
675 400 -1.502968E+01  1.369432E+02
680 400 -1.495477E+01  1.394646E+02
685 400 -1.488573E+01  1.417854E+02
690 400 -1.485270E+01  1.440857E+02
695 400 -1.476469E+01  1.463860E+02
700 400 -1.476805E+01  1.481918E+02
705 400 -1.464168E+01  1.497381E+02
710 400 -1.460870E+01  1.517789E+02
715 400 -1.451702E+01  1.529832E+02
720 400 -1.444913E+01  1.545062E+02
725 400 -1.445262E+01  1.552492E+02
730 400 -1.435483E+01  1.563972E+02
735 400 -1.424426E+01  1.579298E+02
740 400 -1.418032E+01  1.584709E+02
745 400 -1.417780E+01  1.595325E+02
750 400 -1.411202E+01  1.602988E+02
