750 750 -8.394262E+00 -9.871078E+01
745 750 -8.427197E+00 -9.863525E+01
740 750 -8.521818E+00 -9.835236E+01
735 750 -8.571932E+00 -9.808594E+01
730 750 -8.644094E+00 -9.779205E+01
725 750 -8.695265E+00 -9.736084E+01
720 750 -8.775511E+00 -9.700104E+01
715 750 -8.865265E+00 -9.651764E+01
710 750 -8.962597E+00 -9.610291E+01
705 750 -9.074951E+00 -9.553574E+01
700 750 -9.191347E+00 -9.493973E+01
695 750 -9.298418E+00 -9.421600E+01
690 750 -9.390146E+00 -9.349091E+01
685 750 -9.538374E+00 -9.266418E+01
680 750 -9.708328E+00 -9.157242E+01
675 750 -9.822794E+00 -9.068527E+01
670 750 -9.975891E+00 -8.956741E+01
665 750 -1.012049E+01 -8.821747E+01
660 750 -1.028342E+01 -8.686615E+01
655 750 -1.044451E+01 -8.509598E+01
650 750 -1.060849E+01 -8.347824E+01
645 750 -1.073113E+01 -8.154739E+01
640 750 -1.090214E+01 -7.948196E+01
635 750 -1.099883E+01 -7.713776E+01
630 750 -1.116842E+01 -7.439255E+01
625 750 -1.122289E+01 -7.211838E+01
620 750 -1.131830E+01 -6.916718E+01
615 750 -1.138568E+01 -6.623383E+01
610 750 -1.137029E+01 -6.323456E+01
605 750 -1.138219E+01 -6.034515E+01
600 750 -1.132726E+01 -5.744614E+01
595 750 -1.126028E+01 -5.465698E+01
590 750 -1.109226E+01 -5.166183E+01
585 750 -1.098041E+01 -4.909653E+01
580 750 -1.084486E+01 -4.638702E+01
575 750 -1.064110E+01 -4.402359E+01
570 750 -1.040702E+01 -4.158188E+01
565 750 -1.020914E+01 -3.943130E+01
560 750 -1.003772E+01 -3.766388E+01
555 750 -9.773922E+00 -3.578110E+01
550 750 -9.571676E+00 -3.479370E+01
545 750 -9.383486E+00 -3.305099E+01
540 750 -9.173019E+00 -3.173264E+01
535 750 -8.970543E+00 -3.060791E+01
530 750 -8.779461E+00 -2.980042E+01
525 750 -8.585392E+00 -2.878006E+01
520 750 -8.418837E+00 -2.784348E+01
515 750 -8.300327E+00 -2.698242E+01
510 750 -8.134462E+00 -2.661987E+01
505 750 -7.964737E+00 -2.616943E+01
500 750 -7.860973E+00 -2.543747E+01
495 750 -7.779395E+00 -2.506668E+01
490 750 -7.611692E+00 -2.487991E+01
485 750 -7.565253E+00 -2.435944E+01
480 750 -7.436180E+00 -2.422211E+01
475 750 -7.357082E+00 -2.390213E+01
470 750 -7.290019E+00 -2.395294E+01
465 750 -7.179595E+00 -2.356705E+01
460 750 -7.134259E+00 -2.313858E+01
455 750 -7.017679E+00 -2.294495E+01
450 750 -6.982219E+00 -2.302872E+01
445 750 -6.936515E+00 -2.265793E+01
440 750 -6.930957E+00 -2.277878E+01
435 750 -6.840422E+00 -2.247528E+01
430 750 -6.865685E+00 -2.283508E+01
425 750 -6.776344E+00 -2.227478E+01
420 750 -6.772578E+00 -2.211685E+01
415 750 -6.727471E+00 -2.206879E+01
410 750 -6.677909E+00 -2.169525E+01
405 750 -6.677955E+00 -2.177902E+01
400 750 -6.635054E+00 -2.184769E+01
