745 405 -1.418207E+01  1.601738E+02
745 410 -1.423370E+01  1.607451E+02
745 415 -1.427527E+01  1.610884E+02
745 420 -1.420811E+01  1.619302E+02
745 425 -1.430062E+01  1.623106E+02
745 430 -1.428836E+01  1.628215E+02
745 435 -1.431418E+01  1.631786E+02
745 440 -1.429943E+01  1.639009E+02
745 445 -1.435258E+01  1.647867E+02
745 450 -1.436163E+01  1.654280E+02
745 455 -1.436806E+01  1.662602E+02
745 460 -1.442915E+01  1.672311E+02
745 465 -1.441730E+01  1.683929E+02
745 470 -1.442717E+01  1.695973E+02
745 475 -1.447843E+01  1.707426E+02
745 480 -1.446502E+01  1.719662E+02
745 485 -1.444830E+01  1.733931E+02
745 490 -1.453291E+01  1.754915E+02
745 495 -1.449639E+01  1.770859E+02
745 500 -1.451261E+01  1.788560E+02
745 505 -1.448656E+01 -1.793133E+02
745 510 -1.450498E+01 -1.771944E+02
745 515 -1.448248E+01 -1.748350E+02
745 520 -1.450517E+01 -1.729042E+02
745 525 -1.445560E+01 -1.702428E+02
745 530 -1.439966E+01 -1.674536E+02
745 535 -1.430724E+01 -1.649199E+02
745 540 -1.424114E+01 -1.621403E+02
745 545 -1.414840E+01 -1.592152E+02
745 550 -1.399305E+01 -1.563121E+02
745 555 -1.386766E+01 -1.532895E+02
745 560 -1.373913E+01 -1.503122E+02
745 565 -1.356059E+01 -1.472937E+02
745 570 -1.335835E+01 -1.446281E+02
745 575 -1.316166E+01 -1.417168E+02
745 580 -1.296327E+01 -1.388466E+02
745 585 -1.277830E+01 -1.362813E+02
745 590 -1.255285E+01 -1.335429E+02
745 595 -1.232741E+01 -1.309680E+02
745 600 -1.210312E+01 -1.287556E+02
745 605 -1.189100E+01 -1.263043E+02
745 610 -1.167782E+01 -1.241386E+02
745 615 -1.144301E+01 -1.222064E+02
745 620 -1.123534E+01 -1.201685E+02
745 625 -1.102658E+01 -1.184148E+02
745 630 -1.082791E+01 -1.167627E+02
745 635 -1.065258E+01 -1.152603E+02
745 640 -1.048525E+01 -1.138719E+02
745 645 -1.031667E+01 -1.123297E+02
745 650 -1.016863E+01 -1.110072E+02
745 655 -9.997204E+00 -1.098276E+02
745 660 -9.875940E+00 -1.087743E+02
745 665 -9.710855E+00 -1.078020E+02
745 670 -9.609388E+00 -1.069656E+02
745 675 -9.466122E+00 -1.058931E+02
745 680 -9.363276E+00 -1.051639E+02
745 685 -9.262774E+00 -1.043935E+02
745 690 -9.169390E+00 -1.035777E+02
745 695 -9.090843E+00 -1.030037E+02
745 700 -9.017029E+00 -1.025546E+02
745 705 -8.936691E+00 -1.021468E+02
745 710 -8.877666E+00 -1.014738E+02
745 715 -8.818182E+00 -1.009863E+02
745 720 -8.723007E+00 -1.006403E+02
745 725 -8.687822E+00 -1.001665E+02
745 730 -8.610563E+00 -9.979568E+01
745 735 -8.595083E+00 -9.953888E+01
745 740 -8.535416E+00 -9.916397E+01
745 745 -8.513643E+00 -9.881378E+01
