405 405 -7.502462E+00  4.160660E+01
410 405 -7.545226E+00  4.147339E+01
415 405 -7.548993E+00  4.156265E+01
420 405 -7.582340E+00  4.168900E+01
425 405 -7.646142E+00  4.226715E+01
430 405 -7.675769E+00  4.222183E+01
435 405 -7.673978E+00  4.252533E+01
440 405 -7.733784E+00  4.280273E+01
445 405 -7.777144E+00  4.301971E+01
450 405 -7.819587E+00  4.343307E+01
455 405 -7.831301E+00  4.359650E+01
460 405 -7.924591E+00  4.415817E+01
465 405 -7.982329E+00  4.428864E+01
470 405 -8.025738E+00  4.476242E+01
475 405 -8.120682E+00  4.522110E+01
480 405 -8.174011E+00  4.579651E+01
485 405 -8.281036E+00  4.616455E+01
490 405 -8.378185E+00  4.691025E+01
495 405 -8.461279E+00  4.741974E+01
500 405 -8.575470E+00  4.832336E+01
505 405 -8.697376E+00  4.914047E+01
510 405 -8.840000E+00  4.986420E+01
515 405 -8.963745E+00  5.064972E+01
520 405 -9.114775E+00  5.188568E+01
525 405 -9.277334E+00  5.286072E+01
530 405 -9.471954E+00  5.416809E+01
535 405 -9.643791E+00  5.539719E+01
540 405 -9.834141E+00  5.667297E+01
545 405 -1.008103E+01  5.833878E+01
550 405 -1.027225E+01  5.982330E+01
555 405 -1.053913E+01  6.172394E+01
560 405 -1.077633E+01  6.338150E+01
565 405 -1.105841E+01  6.551559E+01
570 405 -1.130815E+01  6.766891E+01
575 405 -1.160869E+01  7.011612E+01
580 405 -1.191011E+01  7.255234E+01
585 405 -1.220431E+01  7.520279E+01
590 405 -1.246526E+01  7.794113E+01
595 405 -1.277049E+01  8.097610E+01
600 405 -1.308072E+01  8.413879E+01
605 405 -1.336556E+01  8.767502E+01
610 405 -1.363918E+01  9.097229E+01
615 405 -1.392631E+01  9.479141E+01
620 405 -1.413977E+01  9.828232E+01
625 405 -1.436061E+01  1.023308E+02
630 405 -1.452262E+01  1.060291E+02
635 405 -1.469400E+01  1.102478E+02
640 405 -1.482790E+01  1.137827E+02
645 405 -1.489606E+01  1.174974E+02
650 405 -1.501691E+01  1.211449E+02
655 405 -1.503423E+01  1.247141E+02
660 405 -1.509720E+01  1.280127E+02
665 405 -1.504369E+01  1.311836E+02
670 405 -1.502472E+01  1.342763E+02
675 405 -1.502734E+01  1.369377E+02
680 405 -1.494337E+01  1.397722E+02
685 405 -1.488651E+01  1.420175E+02
690 405 -1.484521E+01  1.442230E+02
695 405 -1.478550E+01  1.465576E+02
700 405 -1.472184E+01  1.485530E+02
705 405 -1.467939E+01  1.504166E+02
710 405 -1.462625E+01  1.518063E+02
715 405 -1.451739E+01  1.530396E+02
720 405 -1.444573E+01  1.548852E+02
725 405 -1.444724E+01  1.560100E+02
730 405 -1.433976E+01  1.567804E+02
735 405 -1.432006E+01  1.581496E+02
740 405 -1.424716E+01  1.590628E+02
745 405 -1.418717E+01  1.597920E+02
