745 745 -8.484245E+00 -9.903625E+01
740 745 -8.555902E+00 -9.867645E+01
735 745 -8.569681E+00 -9.844849E+01
730 745 -8.680290E+00 -9.792389E+01
725 745 -8.763521E+00 -9.756271E+01
720 745 -8.822821E+00 -9.733749E+01
715 745 -8.915424E+00 -9.679367E+01
710 745 -9.010782E+00 -9.641739E+01
705 745 -9.094196E+00 -9.590515E+01
700 745 -9.227175E+00 -9.516083E+01
695 745 -9.338747E+00 -9.448654E+01
690 745 -9.436632E+00 -9.385757E+01
685 745 -9.565750E+00 -9.299927E+01
680 745 -9.723671E+00 -9.200226E+01
675 745 -9.872999E+00 -9.090225E+01
670 745 -1.002490E+01 -8.968689E+01
665 745 -1.017667E+01 -8.847977E+01
660 745 -1.034699E+01 -8.713943E+01
655 745 -1.048947E+01 -8.552444E+01
650 745 -1.068671E+01 -8.352768E+01
645 745 -1.082001E+01 -8.164490E+01
640 745 -1.099842E+01 -7.952042E+01
635 745 -1.109038E+01 -7.726822E+01
630 745 -1.124462E+01 -7.484848E+01
625 745 -1.132454E+01 -7.249191E+01
620 745 -1.141995E+01 -6.938004E+01
615 745 -1.146216E+01 -6.652634E+01
610 745 -1.147654E+01 -6.365067E+01
605 745 -1.144884E+01 -6.050858E+01
600 745 -1.140015E+01 -5.770706E+01
595 745 -1.134549E+01 -5.483276E+01
590 745 -1.119924E+01 -5.165909E+01
585 745 -1.105919E+01 -4.891800E+01
580 745 -1.091358E+01 -4.627716E+01
575 745 -1.071813E+01 -4.356354E+01
570 745 -1.050711E+01 -4.174255E+01
565 745 -1.030174E+01 -3.948349E+01
560 745 -1.005751E+01 -3.737961E+01
555 745 -9.853891E+00 -3.607224E+01
550 745 -9.683020E+00 -3.418259E+01
545 745 -9.464283E+00 -3.289719E+01
540 745 -9.263002E+00 -3.145660E+01
535 745 -9.041235E+00 -3.030716E+01
530 745 -8.860027E+00 -2.941452E+01
525 745 -8.707895E+00 -2.866058E+01
520 745 -8.489666E+00 -2.771988E+01
515 745 -8.299547E+00 -2.711288E+01
510 745 -8.233265E+00 -2.618591E+01
505 745 -8.054722E+00 -2.603622E+01
500 745 -7.916782E+00 -2.551712E+01
495 745 -7.794737E+00 -2.498978E+01
490 745 -7.669338E+00 -2.461349E+01
485 745 -7.567091E+00 -2.414520E+01
480 745 -7.474627E+00 -2.374420E+01
475 745 -7.435215E+00 -2.375519E+01
470 745 -7.348907E+00 -2.335281E+01
465 745 -7.240595E+00 -2.326767E+01
460 745 -7.205502E+00 -2.277466E+01
455 745 -7.037752E+00 -2.265381E+01
450 745 -7.052865E+00 -2.258240E+01
445 745 -6.996367E+00 -2.258102E+01
440 745 -6.947631E+00 -2.255081E+01
435 745 -6.911068E+00 -2.238876E+01
430 745 -6.855810E+00 -2.236954E+01
425 745 -6.847082E+00 -2.199188E+01
420 745 -6.809784E+00 -2.220337E+01
415 745 -6.735050E+00 -2.171860E+01
410 745 -6.693389E+00 -2.168976E+01
405 745 -6.658617E+00 -2.183533E+01
