405 745 -6.706250E+00 -2.155106E+01
405 740 -6.710476E+00 -2.165955E+01
405 735 -6.765321E+00 -2.123795E+01
405 730 -6.832200E+00 -2.160873E+01
405 725 -6.878041E+00 -2.077103E+01
405 720 -6.937939E+00 -2.091522E+01
405 715 -7.013867E+00 -2.067490E+01
405 710 -7.074775E+00 -2.029999E+01
405 705 -7.146891E+00 -1.975342E+01
405 700 -7.241422E+00 -1.933868E+01
405 695 -7.282991E+00 -1.929474E+01
405 690 -7.367556E+00 -1.880859E+01
405 685 -7.435308E+00 -1.817551E+01
405 680 -7.477383E+00 -1.770447E+01
405 675 -7.683670E+00 -1.693268E+01
405 670 -7.733784E+00 -1.640671E+01
405 665 -7.827718E+00 -1.574753E+01
405 660 -7.949809E+00 -1.473129E+01
405 655 -8.063725E+00 -1.403229E+01
405 650 -8.191006E+00 -1.281830E+01
405 645 -8.320080E+00 -1.204514E+01
405 640 -8.449795E+00 -1.086411E+01
405 635 -8.554937E+00 -9.725647E+00
405 630 -8.698021E+00 -8.750610E+00
405 625 -8.829023E+00 -6.770325E+00
405 620 -8.931593E+00 -5.432739E+00
405 615 -9.076559E+00 -3.949585E+00
405 610 -9.144081E+00 -2.176666E+00
405 605 -9.297361E+00 -3.831482E-01
405 600 -9.352573E+00  1.634216E+00
405 595 -9.434059E+00  3.799896E+00
405 590 -9.498917E+00  5.497284E+00
405 585 -9.580956E+00  7.691803E+00
405 580 -9.608698E+00  1.010056E+01
405 575 -9.644985E+00  1.192429E+01
405 570 -9.600843E+00  1.408035E+01
405 565 -9.566624E+00  1.620895E+01
405 560 -9.516142E+00  1.792557E+01
405 555 -9.474068E+00  1.996216E+01
405 550 -9.375631E+00  2.184357E+01
405 545 -9.314310E+00  2.345718E+01
405 540 -9.237740E+00  2.502823E+01
405 535 -9.146515E+00  2.687256E+01
405 530 -9.051203E+00  2.807831E+01
405 525 -8.954145E+00  2.935410E+01
405 520 -8.817677E+00  3.039780E+01
405 515 -8.776796E+00  3.183151E+01
405 510 -8.659023E+00  3.275711E+01
405 505 -8.555212E+00  3.345749E+01
405 500 -8.506432E+00  3.440094E+01
405 495 -8.403402E+00  3.515213E+01
405 490 -8.303911E+00  3.592529E+01
405 485 -8.246861E+00  3.656525E+01
405 480 -8.180992E+00  3.702255E+01
405 475 -8.101803E+00  3.760071E+01
405 470 -8.048887E+00  3.811569E+01
405 465 -7.974659E+00  3.838486E+01
405 460 -7.926245E+00  3.905228E+01
405 455 -7.849076E+00  3.955490E+01
405 450 -7.823813E+00  3.946014E+01
405 445 -7.792854E+00  3.996140E+01
405 440 -7.746001E+00  4.002457E+01
405 435 -7.691984E+00  4.032120E+01
405 430 -7.709025E+00  4.049973E+01
405 425 -7.608615E+00  4.067413E+01
405 420 -7.613667E+00  4.071808E+01
405 415 -7.626896E+00  4.089798E+01
405 410 -7.545732E+00  4.096115E+01
405 405 -7.551014E+00  4.116989E+01
