410 740 -6.784430E+00 -2.168427E+01
410 735 -6.842168E+00 -2.165268E+01
410 730 -6.849287E+00 -2.154556E+01
410 725 -6.932152E+00 -2.142883E+01
410 720 -6.988695E+00 -2.084656E+01
410 715 -7.027050E+00 -2.040436E+01
410 710 -7.084651E+00 -2.033569E+01
410 705 -7.146477E+00 -1.983307E+01
410 700 -7.257131E+00 -1.957352E+01
410 695 -7.294567E+00 -1.910660E+01
410 690 -7.353868E+00 -1.877014E+01
410 685 -7.468655E+00 -1.830322E+01
410 680 -7.571454E+00 -1.786652E+01
410 675 -7.639574E+00 -1.751770E+01
410 670 -7.763640E+00 -1.641769E+01
410 665 -7.861341E+00 -1.588623E+01
410 660 -7.949212E+00 -1.530258E+01
410 655 -8.091606E+00 -1.423691E+01
410 650 -8.196472E+00 -1.309845E+01
410 645 -8.354437E+00 -1.207535E+01
410 640 -8.448095E+00 -1.092453E+01
410 635 -8.546991E+00 -9.987946E+00
410 630 -8.704727E+00 -8.400421E+00
410 625 -8.867973E+00 -7.132874E+00
410 620 -8.989376E+00 -5.412140E+00
410 615 -9.081152E+00 -3.819122E+00
410 610 -9.208433E+00 -1.985779E+00
410 605 -9.341640E+00 -2.334595E-01
410 600 -9.423586E+00  1.711121E+00
410 595 -9.472551E+00  3.615875E+00
410 590 -9.537043E+00  5.500031E+00
410 585 -9.598684E+00  7.771454E+00
410 580 -9.621790E+00  9.750366E+00
410 575 -9.621513E+00  1.172928E+01
410 570 -9.616278E+00  1.413116E+01
410 565 -9.593220E+00  1.616638E+01
410 560 -9.559917E+00  1.807114E+01
410 555 -9.509069E+00  2.003632E+01
410 550 -9.450319E+00  2.176392E+01
410 545 -9.356615E+00  2.354919E+01
410 540 -9.277700E+00  2.522598E+01
410 535 -9.181562E+00  2.663223E+01
410 530 -9.108253E+00  2.814148E+01
410 525 -8.980511E+00  2.928818E+01
410 520 -8.888920E+00  3.060791E+01
410 515 -8.786304E+00  3.166809E+01
410 510 -8.680611E+00  3.260605E+01
410 505 -8.608910E+00  3.377747E+01
410 500 -8.514654E+00  3.459732E+01
410 495 -8.424118E+00  3.517548E+01
410 490 -8.356596E+00  3.602142E+01
410 485 -8.256002E+00  3.675751E+01
410 480 -8.183105E+00  3.715576E+01
410 475 -8.102262E+00  3.768585E+01
410 470 -8.042273E+00  3.796326E+01
410 465 -7.988484E+00  3.853729E+01
410 460 -7.930425E+00  3.898911E+01
410 455 -7.896480E+00  3.931183E+01
410 450 -7.826615E+00  3.961258E+01
410 445 -7.776272E+00  3.996002E+01
410 440 -7.791062E+00  4.031158E+01
410 435 -7.720141E+00  4.016190E+01
410 430 -7.663780E+00  4.066452E+01
410 425 -7.628734E+00  4.102020E+01
410 420 -7.667960E+00  4.112869E+01
410 415 -7.597499E+00  4.109299E+01
410 410 -7.593502E+00  4.124268E+01
