740 740 -8.591270E+00 -9.905685E+01
735 740 -8.636469E+00 -9.855698E+01
730 740 -8.726086E+00 -9.830566E+01
725 740 -8.812946E+00 -9.793488E+01
720 740 -8.897602E+00 -9.758606E+01
715 740 -8.971830E+00 -9.719742E+01
710 740 -9.076466E+00 -9.671814E+01
705 740 -9.159056E+00 -9.616058E+01
700 740 -9.263279E+00 -9.562912E+01
695 740 -9.382797E+00 -9.478455E+01
690 740 -9.517981E+00 -9.419403E+01
685 740 -9.654724E+00 -9.325058E+01
680 740 -9.768547E+00 -9.231125E+01
675 740 -9.936848E+00 -9.120438E+01
670 740 -1.010855E+01 -9.002335E+01
665 740 -1.023537E+01 -8.875854E+01
660 740 -1.039898E+01 -8.742645E+01
655 740 -1.058368E+01 -8.572357E+01
650 740 -1.072654E+01 -8.394241E+01
645 740 -1.090347E+01 -8.197311E+01
640 740 -1.107113E+01 -7.986649E+01
635 740 -1.121081E+01 -7.734787E+01
630 740 -1.131371E+01 -7.522888E+01
625 740 -1.140984E+01 -7.246994E+01
620 740 -1.151742E+01 -6.967117E+01
615 740 -1.154700E+01 -6.662659E+01
610 740 -1.158095E+01 -6.352295E+01
605 740 -1.153281E+01 -6.074753E+01
600 740 -1.148508E+01 -5.763565E+01
595 740 -1.141402E+01 -5.443588E+01
590 740 -1.129460E+01 -5.167419E+01
585 740 -1.117186E+01 -4.889465E+01
580 740 -1.100751E+01 -4.646255E+01
575 740 -1.080403E+01 -4.378876E+01
570 740 -1.058548E+01 -4.150635E+01
565 740 -1.038015E+01 -3.957001E+01
560 740 -1.021608E+01 -3.745239E+01
555 740 -9.902534E+00 -3.596924E+01
550 740 -9.717331E+00 -3.404938E+01
545 740 -9.509850E+00 -3.294113E+01
540 740 -9.319363E+00 -3.132065E+01
535 740 -9.084414E+00 -3.052277E+01
530 740 -8.897097E+00 -2.954224E+01
525 740 -8.767839E+00 -2.860840E+01
520 740 -8.596506E+00 -2.787781E+01
515 740 -8.434637E+00 -2.697830E+01
510 740 -8.214340E+00 -2.634933E+01
505 740 -8.135839E+00 -2.579865E+01
500 740 -7.990231E+00 -2.526581E+01
495 740 -7.842784E+00 -2.481949E+01
490 740 -7.703651E+00 -2.466705E+01
485 740 -7.578069E+00 -2.422073E+01
480 740 -7.509214E+00 -2.371124E+01
475 740 -7.450511E+00 -2.323334E+01
470 740 -7.380647E+00 -2.337479E+01
465 740 -7.254467E+00 -2.332947E+01
460 740 -7.221165E+00 -2.278427E+01
455 740 -7.183592E+00 -2.273071E+01
450 740 -7.090255E+00 -2.260162E+01
445 740 -7.021079E+00 -2.269363E+01
440 740 -6.997423E+00 -2.230911E+01
435 740 -6.916212E+00 -2.219788E+01
430 740 -6.886494E+00 -2.185593E+01
425 740 -6.868487E+00 -2.195068E+01
420 740 -6.804134E+00 -2.186279E+01
415 740 -6.796556E+00 -2.182434E+01
410 740 -6.769731E+00 -2.169937E+01
