410 410 -7.556939E+00  4.145279E+01
415 410 -7.592768E+00  4.153931E+01
420 410 -7.550049E+00  4.172607E+01
425 410 -7.639711E+00  4.169037E+01
430 410 -7.608385E+00  4.207626E+01
435 410 -7.669431E+00  4.228775E+01
440 410 -7.735345E+00  4.240173E+01
445 410 -7.765707E+00  4.302933E+01
450 410 -7.848295E+00  4.306091E+01
455 410 -7.887017E+00  4.357040E+01
460 410 -7.964921E+00  4.361984E+01
465 410 -7.986096E+00  4.408264E+01
470 410 -8.051229E+00  4.474869E+01
475 410 -8.117834E+00  4.517715E+01
480 410 -8.207129E+00  4.553833E+01
485 410 -8.324213E+00  4.620300E+01
490 410 -8.404734E+00  4.670288E+01
495 410 -8.477676E+00  4.762711E+01
500 410 -8.624893E+00  4.816681E+01
505 410 -8.716164E+00  4.904160E+01
510 410 -8.853413E+00  4.983261E+01
515 410 -8.997967E+00  5.052750E+01
520 410 -9.165899E+00  5.172363E+01
525 410 -9.324738E+00  5.276184E+01
530 410 -9.495426E+00  5.387833E+01
535 410 -9.700060E+00  5.528595E+01
540 410 -9.866661E+00  5.660431E+01
545 410 -1.010492E+01  5.814789E+01
550 410 -1.034708E+01  5.981232E+01
555 410 -1.055378E+01  6.154541E+01
560 410 -1.082341E+01  6.336090E+01
565 410 -1.109175E+01  6.542633E+01
570 410 -1.136740E+01  6.769363E+01
575 410 -1.166183E+01  7.000763E+01
580 410 -1.195462E+01  7.237793E+01
585 410 -1.226081E+01  7.515884E+01
590 410 -1.254247E+01  7.788895E+01
595 410 -1.284155E+01  8.120544E+01
600 410 -1.314967E+01  8.423218E+01
605 410 -1.342807E+01  8.772034E+01
610 410 -1.369389E+01  9.094208E+01
615 410 -1.392195E+01  9.460739E+01
620 410 -1.418212E+01  9.852676E+01
625 410 -1.441371E+01  1.023486E+02
630 410 -1.457742E+01  1.060387E+02
635 410 -1.476860E+01  1.100487E+02
640 410 -1.488720E+01  1.137222E+02
645 410 -1.496726E+01  1.175963E+02
650 410 -1.504760E+01  1.212918E+02
655 410 -1.506216E+01  1.249846E+02
660 410 -1.511778E+01  1.281679E+02
665 410 -1.511094E+01  1.315311E+02
670 410 -1.507952E+01  1.346883E+02
675 410 -1.503937E+01  1.375694E+02
680 410 -1.501981E+01  1.400867E+02
685 410 -1.489726E+01  1.424762E+02
690 410 -1.486124E+01  1.447119E+02
695 410 -1.481797E+01  1.470026E+02
700 410 -1.477627E+01  1.488771E+02
705 410 -1.466065E+01  1.506363E+02
710 410 -1.457186E+01  1.521002E+02
715 410 -1.455960E+01  1.533307E+02
720 410 -1.452538E+01  1.546284E+02
725 410 -1.446341E+01  1.566444E+02
730 410 -1.437499E+01  1.573421E+02
735 410 -1.437237E+01  1.584531E+02
740 410 -1.423733E+01  1.592070E+02
