740 410 -1.426810E+01  1.597646E+02
740 415 -1.424087E+01  1.603784E+02
740 420 -1.428418E+01  1.606105E+02
740 425 -1.434114E+01  1.611172E+02
740 430 -1.435768E+01  1.620373E+02
740 435 -1.434596E+01  1.626718E+02
740 440 -1.439980E+01  1.629629E+02
740 445 -1.443241E+01  1.635411E+02
740 450 -1.440081E+01  1.642374E+02
740 455 -1.446732E+01  1.658990E+02
740 460 -1.448114E+01  1.667052E+02
740 465 -1.448261E+01  1.674728E+02
740 470 -1.451688E+01  1.688035E+02
740 475 -1.453388E+01  1.696605E+02
740 480 -1.457228E+01  1.714883E+02
740 485 -1.458109E+01  1.729646E+02
740 490 -1.457632E+01  1.741470E+02
740 495 -1.461844E+01  1.760023E+02
740 500 -1.464724E+01  1.780183E+02
740 505 -1.461453E+01  1.797322E+02
740 510 -1.459832E+01 -1.780939E+02
740 515 -1.459235E+01 -1.757744E+02
740 520 -1.460742E+01 -1.733999E+02
740 525 -1.451270E+01 -1.708511E+02
740 530 -1.447421E+01 -1.680620E+02
740 535 -1.440632E+01 -1.656642E+02
740 540 -1.432828E+01 -1.626581E+02
740 545 -1.425906E+01 -1.596204E+02
740 550 -1.411377E+01 -1.567062E+02
740 555 -1.399912E+01 -1.536973E+02
740 560 -1.385778E+01 -1.506157E+02
740 565 -1.365631E+01 -1.476782E+02
740 570 -1.350611E+01 -1.447751E+02
740 575 -1.328880E+01 -1.417827E+02
740 580 -1.309156E+01 -1.390897E+02
740 585 -1.288339E+01 -1.363087E+02
740 590 -1.267081E+01 -1.335965E+02
740 595 -1.240651E+01 -1.310120E+02
740 600 -1.220188E+01 -1.285538E+02
740 605 -1.200363E+01 -1.263634E+02
740 610 -1.176473E+01 -1.242183E+02
740 615 -1.155127E+01 -1.221790E+02
740 620 -1.133442E+01 -1.201918E+02
740 625 -1.113323E+01 -1.183076E+02
740 630 -1.094959E+01 -1.166116E+02
740 635 -1.076237E+01 -1.150447E+02
740 640 -1.057046E+01 -1.136137E+02
740 645 -1.040215E+01 -1.121704E+02
740 650 -1.025544E+01 -1.108658E+02
740 655 -1.008007E+01 -1.096751E+02
740 660 -9.923941E+00 -1.086562E+02
740 665 -9.791330E+00 -1.075520E+02
740 670 -9.658997E+00 -1.066141E+02
740 675 -9.547285E+00 -1.058038E+02
740 680 -9.455418E+00 -1.050870E+02
740 685 -9.335716E+00 -1.041573E+02
740 690 -9.250601E+00 -1.035379E+02
740 695 -9.154554E+00 -1.029378E+02
740 700 -9.080095E+00 -1.023679E+02
740 705 -9.013079E+00 -1.017773E+02
740 710 -8.926218E+00 -1.012019E+02
740 715 -8.866505E+00 -1.008820E+02
740 720 -8.789061E+00 -1.004521E+02
740 725 -8.739544E+00 -1.000429E+02
740 730 -8.697147E+00 -9.960068E+01
740 735 -8.619474E+00 -9.921478E+01
740 740 -8.604177E+00 -9.889343E+01
