415 415 -7.564702E+00  4.132507E+01
420 415 -7.616561E+00  4.162994E+01
425 415 -7.614172E+00  4.181534E+01
430 415 -7.702365E+00  4.176865E+01
435 415 -7.749217E+00  4.217514E+01
440 415 -7.748023E+00  4.246078E+01
445 415 -7.771311E+00  4.285080E+01
450 415 -7.858768E+00  4.302521E+01
455 415 -7.921698E+00  4.300873E+01
460 415 -7.937728E+00  4.360611E+01
465 415 -7.995375E+00  4.403732E+01
470 415 -8.109980E+00  4.446030E+01
475 415 -8.151411E+00  4.489838E+01
480 415 -8.242085E+00  4.535294E+01
485 415 -8.329128E+00  4.601349E+01
490 415 -8.431421E+00  4.661362E+01
495 415 -8.521912E+00  4.736893E+01
500 415 -8.642761E+00  4.801575E+01
505 415 -8.755989E+00  4.881363E+01
510 415 -8.880377E+00  4.968292E+01
515 415 -9.017075E+00  5.063461E+01
520 415 -9.210455E+00  5.163162E+01
525 415 -9.351654E+00  5.267807E+01
530 415 -9.511686E+00  5.378769E+01
535 415 -9.714483E+00  5.521729E+01
540 415 -9.929819E+00  5.658096E+01
545 415 -1.013767E+01  5.803253E+01
550 415 -1.038249E+01  5.955551E+01
555 415 -1.062521E+01  6.138885E+01
560 415 -1.084670E+01  6.326065E+01
565 415 -1.114439E+01  6.551971E+01
570 415 -1.140746E+01  6.756592E+01
575 415 -1.170800E+01  6.984283E+01
580 415 -1.199421E+01  7.233536E+01
585 415 -1.228741E+01  7.502289E+01
590 415 -1.260669E+01  7.793152E+01
595 415 -1.291476E+01  8.104065E+01
600 415 -1.321793E+01  8.432281E+01
605 415 -1.348328E+01  8.755554E+01
610 415 -1.375218E+01  9.114395E+01
615 415 -1.400031E+01  9.495346E+01
620 415 -1.425924E+01  9.851440E+01
625 415 -1.446691E+01  1.026192E+02
630 415 -1.458362E+01  1.062653E+02
635 415 -1.481944E+01  1.103343E+02
640 415 -1.491191E+01  1.141026E+02
645 415 -1.502670E+01  1.180124E+02
650 415 -1.508820E+01  1.216022E+02
655 415 -1.516284E+01  1.253197E+02
660 415 -1.513097E+01  1.287199E+02
665 415 -1.513391E+01  1.320611E+02
670 415 -1.512178E+01  1.351373E+02
675 415 -1.507957E+01  1.379581E+02
680 415 -1.503749E+01  1.405536E+02
685 415 -1.498168E+01  1.428621E+02
690 415 -1.492831E+01  1.452777E+02
695 415 -1.482252E+01  1.474557E+02
700 415 -1.478435E+01  1.493866E+02
705 415 -1.468702E+01  1.510785E+02
710 415 -1.464581E+01  1.525562E+02
715 415 -1.456401E+01  1.541121E+02
720 415 -1.449819E+01  1.553041E+02
725 415 -1.439966E+01  1.569836E+02
730 415 -1.435703E+01  1.575330E+02
735 415 -1.426144E+01  1.588911E+02
