735 415 -1.434605E+01  1.593484E+02
735 420 -1.437366E+01  1.595476E+02
735 425 -1.436989E+01  1.603743E+02
735 430 -1.440375E+01  1.609662E+02
735 435 -1.444380E+01  1.614455E+02
735 440 -1.445855E+01  1.619550E+02
735 445 -1.445900E+01  1.629492E+02
735 450 -1.446952E+01  1.637306E+02
735 455 -1.449042E+01  1.647359E+02
735 460 -1.452473E+01  1.653223E+02
735 465 -1.453663E+01  1.669565E+02
735 470 -1.460094E+01  1.678560E+02
735 475 -1.461164E+01  1.690466E+02
735 480 -1.464724E+01  1.703897E+02
735 485 -1.465119E+01  1.721832E+02
735 490 -1.469956E+01  1.736265E+02
735 495 -1.471288E+01  1.753335E+02
735 500 -1.473947E+01  1.771271E+02
735 505 -1.471361E+01  1.789110E+02
735 510 -1.468068E+01 -1.787915E+02
735 515 -1.468619E+01 -1.763402E+02
735 520 -1.468114E+01 -1.740097E+02
735 525 -1.465964E+01 -1.713496E+02
735 530 -1.455565E+01 -1.688365E+02
735 535 -1.457471E+01 -1.661256E+02
735 540 -1.447439E+01 -1.631538E+02
735 545 -1.436553E+01 -1.599184E+02
735 550 -1.426383E+01 -1.569932E+02
735 555 -1.413618E+01 -1.543208E+02
735 560 -1.395318E+01 -1.509590E+02
735 565 -1.378240E+01 -1.480916E+02
735 570 -1.363261E+01 -1.449399E+02
735 575 -1.343776E+01 -1.418582E+02
735 580 -1.321811E+01 -1.391418E+02
735 585 -1.299111E+01 -1.363898E+02
735 590 -1.280324E+01 -1.336075E+02
735 595 -1.254959E+01 -1.309213E+02
735 600 -1.232484E+01 -1.285016E+02
735 605 -1.208534E+01 -1.261862E+02
735 610 -1.189849E+01 -1.239505E+02
735 615 -1.167102E+01 -1.219949E+02
735 620 -1.144048E+01 -1.198773E+02
735 625 -1.124853E+01 -1.181126E+02
735 630 -1.103493E+01 -1.164139E+02
735 635 -1.083687E+01 -1.148511E+02
735 640 -1.065709E+01 -1.133308E+02
735 645 -1.048341E+01 -1.120399E+02
735 650 -1.031350E+01 -1.106433E+02
735 655 -1.016266E+01 -1.095845E+02
735 660 -1.000138E+01 -1.084680E+02
735 665 -9.869234E+00 -1.073282E+02
735 670 -9.760279E+00 -1.064520E+02
735 675 -9.633503E+00 -1.055141E+02
735 680 -9.516924E+00 -1.047134E+02
735 685 -9.404570E+00 -1.039540E+02
735 690 -9.330570E+00 -1.033264E+02
735 695 -9.222397E+00 -1.027304E+02
735 700 -9.145458E+00 -1.020850E+02
735 705 -9.067417E+00 -1.015837E+02
735 710 -9.000998E+00 -1.010591E+02
735 715 -8.907522E+00 -1.005867E+02
735 720 -8.867010E+00 -1.000896E+02
735 725 -8.796501E+00 -9.974625E+01
735 730 -8.778450E+00 -9.937820E+01
735 735 -8.706839E+00 -9.900330E+01
