735 735 -8.701740E+00 -9.877945E+01
730 735 -8.809685E+00 -9.868469E+01
725 735 -8.822775E+00 -9.840042E+01
720 735 -8.925070E+00 -9.794586E+01
715 735 -9.015144E+00 -9.742676E+01
710 735 -9.112432E+00 -9.698181E+01
705 735 -9.222628E+00 -9.658905E+01
700 735 -9.293089E+00 -9.598618E+01
695 735 -9.435804E+00 -9.520615E+01
690 735 -9.544069E+00 -9.439865E+01
685 735 -9.707455E+00 -9.363098E+01
680 735 -9.842501E+00 -9.265045E+01
675 735 -1.001186E+01 -9.170151E+01
670 735 -1.014947E+01 -9.043396E+01
665 735 -1.034065E+01 -8.911148E+01
660 735 -1.045943E+01 -8.768600E+01
655 735 -1.067160E+01 -8.610260E+01
650 735 -1.083319E+01 -8.430634E+01
645 735 -1.097582E+01 -8.230820E+01
640 735 -1.115174E+01 -8.018234E+01
635 735 -1.125652E+01 -7.799606E+01
630 735 -1.143208E+01 -7.553238E+01
625 735 -1.147856E+01 -7.266907E+01
620 735 -1.156758E+01 -6.985519E+01
615 735 -1.161847E+01 -6.664581E+01
610 735 -1.167589E+01 -6.414505E+01
605 735 -1.167410E+01 -6.082443E+01
600 735 -1.159188E+01 -5.778809E+01
595 735 -1.148977E+01 -5.464188E+01
590 735 -1.137820E+01 -5.150803E+01
585 735 -1.125068E+01 -4.909515E+01
580 735 -1.107499E+01 -4.631424E+01
575 735 -1.087986E+01 -4.391510E+01
570 735 -1.067633E+01 -4.164230E+01
565 735 -1.047574E+01 -3.918686E+01
560 735 -1.023730E+01 -3.742081E+01
555 735 -1.003335E+01 -3.563141E+01
550 735 -9.844337E+00 -3.434189E+01
545 735 -9.574018E+00 -3.247284E+01
540 735 -9.371407E+00 -3.114761E+01
535 735 -9.162775E+00 -3.036758E+01
530 735 -8.991306E+00 -2.925385E+01
525 735 -8.794619E+00 -2.839966E+01
520 735 -8.642210E+00 -2.743698E+01
515 735 -8.479927E+00 -2.695908E+01
510 735 -8.289488E+00 -2.569977E+01
505 735 -8.194542E+00 -2.552673E+01
500 735 -8.055410E+00 -2.525757E+01
495 735 -7.870114E+00 -2.439651E+01
490 735 -7.751192E+00 -2.426743E+01
485 735 -7.663918E+00 -2.404221E+01
480 735 -7.564013E+00 -2.367279E+01
475 735 -7.452533E+00 -2.319214E+01
470 735 -7.463097E+00 -2.288177E+01
465 735 -7.365672E+00 -2.290924E+01
460 735 -7.294613E+00 -2.286804E+01
455 735 -7.231317E+00 -2.257690E+01
450 735 -7.140460E+00 -2.221024E+01
445 735 -7.139725E+00 -2.228577E+01
440 735 -7.040462E+00 -2.244644E+01
435 735 -7.017909E+00 -2.217316E+01
430 735 -6.898620E+00 -2.193283E+01
425 735 -6.931784E+00 -2.176392E+01
420 735 -6.919336E+00 -2.166779E+01
415 735 -6.840790E+00 -2.182022E+01
