415 735 -6.858795E+00 -2.159775E+01
415 730 -6.903259E+00 -2.137939E+01
415 725 -6.992002E+00 -2.117477E+01
415 720 -6.982310E+00 -2.075317E+01
415 715 -7.071422E+00 -2.063232E+01
415 710 -7.143124E+00 -2.052795E+01
415 705 -7.220246E+00 -2.027115E+01
415 700 -7.296818E+00 -1.907227E+01
415 695 -7.300859E+00 -1.905441E+01
415 690 -7.404486E+00 -1.883331E+01
415 685 -7.508847E+00 -1.845703E+01
415 680 -7.607237E+00 -1.800110E+01
415 675 -7.670303E+00 -1.719223E+01
415 670 -7.759415E+00 -1.657974E+01
415 665 -7.858677E+00 -1.595078E+01
415 660 -8.004791E+00 -1.532181E+01
415 655 -8.095602E+00 -1.418610E+01
415 650 -8.236572E+00 -1.313965E+01
415 645 -8.370790E+00 -1.223877E+01
415 640 -8.534082E+00 -1.123489E+01
415 635 -8.642809E+00 -1.000031E+01
415 630 -8.730955E+00 -8.506165E+00
415 625 -8.891722E+00 -7.224884E+00
415 620 -8.991858E+00 -5.800781E+00
415 615 -9.107563E+00 -3.942719E+00
415 610 -9.244215E+00 -2.308502E+00
415 605 -9.344305E+00 -3.254700E-01
415 600 -9.446692E+00  1.676788E+00
415 595 -9.498596E+00  3.537598E+00
415 590 -9.618803E+00  5.590668E+00
415 585 -9.643654E+00  7.709656E+00
415 580 -9.673969E+00  9.924774E+00
415 575 -9.656561E+00  1.183228E+01
415 570 -9.684948E+00  1.379333E+01
415 565 -9.636948E+00  1.613205E+01
415 560 -9.587339E+00  1.812057E+01
415 555 -9.533367E+00  2.013107E+01
415 550 -9.454592E+00  2.181885E+01
415 545 -9.400942E+00  2.349564E+01
415 540 -9.318398E+00  2.513947E+01
415 535 -9.200165E+00  2.689590E+01
415 530 -9.108896E+00  2.811401E+01
415 525 -9.039352E+00  2.959854E+01
415 520 -8.921440E+00  3.080566E+01
415 515 -8.817768E+00  3.198395E+01
415 510 -8.730082E+00  3.283813E+01
415 505 -8.646114E+00  3.388596E+01
415 500 -8.560587E+00  3.455063E+01
415 495 -8.439827E+00  3.527573E+01
415 490 -8.371799E+00  3.613678E+01
415 485 -8.312546E+00  3.668884E+01
415 480 -8.226513E+00  3.732880E+01
415 475 -8.155361E+00  3.782181E+01
415 470 -8.086414E+00  3.820770E+01
415 465 -8.042089E+00  3.876938E+01
415 460 -7.964278E+00  3.917175E+01
415 455 -7.894137E+00  3.956451E+01
415 450 -7.877418E+00  3.972931E+01
415 445 -7.819404E+00  4.022232E+01
415 440 -7.768326E+00  4.038712E+01
415 435 -7.735759E+00  4.061920E+01
415 430 -7.708014E+00  4.059036E+01
415 425 -7.695796E+00  4.082382E+01
415 420 -7.719957E+00  4.122620E+01
415 415 -7.633097E+00  4.121933E+01
