420 730 -6.908909E+00 -2.173645E+01
420 725 -7.000041E+00 -2.131760E+01
420 720 -7.064440E+00 -2.109924E+01
420 715 -7.095950E+00 -2.066116E+01
420 710 -7.156169E+00 -2.047989E+01
420 705 -7.247118E+00 -2.024506E+01
420 700 -7.255156E+00 -2.004730E+01
420 695 -7.395391E+00 -1.937164E+01
420 690 -7.414086E+00 -1.888275E+01
420 685 -7.512338E+00 -1.852020E+01
420 680 -7.674529E+00 -1.793655E+01
420 675 -7.725470E+00 -1.730072E+01
420 670 -7.819036E+00 -1.671570E+01
420 665 -7.931114E+00 -1.605927E+01
420 660 -8.062483E+00 -1.543167E+01
420 655 -8.179064E+00 -1.410095E+01
420 650 -8.286640E+00 -1.340057E+01
420 645 -8.377220E+00 -1.238708E+01
420 640 -8.559439E+00 -1.134613E+01
420 635 -8.686905E+00 -9.825897E+00
420 630 -8.795399E+00 -8.712158E+00
420 625 -8.952446E+00 -7.286682E+00
420 620 -9.063192E+00 -5.920258E+00
420 615 -9.183445E+00 -4.200897E+00
420 610 -9.285557E+00 -2.421112E+00
420 605 -9.430752E+00 -5.603027E-01
420 600 -9.471909E+00  1.492767E+00
420 595 -9.545862E+00  3.676300E+00
420 590 -9.658903E+00  5.587921E+00
420 585 -9.668734E+00  7.499542E+00
420 580 -9.679115E+00  9.681702E+00
420 575 -9.724865E+00  1.198471E+01
420 570 -9.688393E+00  1.411606E+01
420 565 -9.696844E+00  1.598099E+01
420 560 -9.618942E+00  1.828125E+01
420 555 -9.572779E+00  2.013245E+01
420 550 -9.527075E+00  2.189850E+01
420 545 -9.430292E+00  2.363846E+01
420 540 -9.319363E+00  2.538803E+01
420 535 -9.274347E+00  2.665146E+01
420 530 -9.153175E+00  2.823486E+01
420 525 -9.073206E+00  2.959854E+01
420 520 -8.959887E+00  3.081665E+01
420 515 -8.861635E+00  3.185623E+01
420 510 -8.762556E+00  3.289444E+01
420 505 -8.688879E+00  3.390930E+01
420 500 -8.601744E+00  3.487473E+01
420 495 -8.475426E+00  3.554901E+01
420 490 -8.408272E+00  3.627411E+01
420 485 -8.339968E+00  3.697861E+01
420 480 -8.250582E+00  3.740433E+01
420 475 -8.189306E+00  3.790695E+01
420 470 -8.134417E+00  3.833130E+01
420 465 -8.080444E+00  3.889023E+01
420 460 -7.990322E+00  3.924728E+01
420 455 -7.957479E+00  3.943954E+01
420 450 -7.912419E+00  3.983368E+01
420 445 -7.849673E+00  3.988998E+01
420 440 -7.809114E+00  4.032806E+01
420 435 -7.791981E+00  4.061783E+01
420 430 -7.748206E+00  4.082932E+01
420 425 -7.709760E+00  4.112320E+01
420 420 -7.687666E+00  4.098312E+01
