730 730 -8.832468E+00 -9.899231E+01
725 730 -8.916250E+00 -9.872314E+01
720 730 -8.989973E+00 -9.837158E+01
715 730 -9.051065E+00 -9.801727E+01
710 730 -9.152946E+00 -9.736084E+01
705 730 -9.248625E+00 -9.685959E+01
700 730 -9.364700E+00 -9.626083E+01
695 730 -9.473331E+00 -9.557419E+01
690 730 -9.612556E+00 -9.491364E+01
685 730 -9.764872E+00 -9.411987E+01
680 730 -9.901295E+00 -9.307068E+01
675 730 -1.006284E+01 -9.218353E+01
670 730 -1.021502E+01 -9.083496E+01
665 730 -1.036848E+01 -8.961411E+01
660 730 -1.055690E+01 -8.834381E+01
655 730 -1.073972E+01 -8.649948E+01
650 730 -1.086466E+01 -8.455627E+01
645 730 -1.105634E+01 -8.256638E+01
640 730 -1.122198E+01 -8.052567E+01
635 730 -1.135601E+01 -7.827759E+01
630 730 -1.150392E+01 -7.561340E+01
625 730 -1.161067E+01 -7.287094E+01
620 730 -1.165958E+01 -7.002411E+01
615 730 -1.174746E+01 -6.680237E+01
610 730 -1.173331E+01 -6.405304E+01
605 730 -1.170947E+01 -6.100708E+01
600 730 -1.168572E+01 -5.778946E+01
595 730 -1.157328E+01 -5.477509E+01
590 730 -1.149597E+01 -5.172775E+01
585 730 -1.133911E+01 -4.903061E+01
580 730 -1.119584E+01 -4.625656E+01
575 730 -1.096218E+01 -4.384644E+01
570 730 -1.075731E+01 -4.135803E+01
565 730 -1.054551E+01 -3.918411E+01
560 730 -1.035324E+01 -3.740707E+01
555 730 -1.007456E+01 -3.552704E+01
550 730 -9.851273E+00 -3.409058E+01
545 730 -9.640944E+00 -3.233963E+01
540 730 -9.400988E+00 -3.116272E+01
535 730 -9.261717E+00 -3.041428E+01
530 730 -9.049549E+00 -2.913162E+01
525 730 -8.858236E+00 -2.832001E+01
520 730 -8.674456E+00 -2.744797E+01
515 730 -8.495270E+00 -2.665146E+01
510 730 -8.314337E+00 -2.602386E+01
505 730 -8.198860E+00 -2.566544E+01
500 730 -8.094728E+00 -2.501038E+01
495 730 -7.943654E+00 -2.453934E+01
490 730 -7.822390E+00 -2.406418E+01
485 730 -7.740306E+00 -2.381699E+01
480 730 -7.632868E+00 -2.315094E+01
475 730 -7.548579E+00 -2.331848E+01
470 730 -7.480092E+00 -2.313583E+01
465 730 -7.399525E+00 -2.279663E+01
460 730 -7.365534E+00 -2.299988E+01
455 730 -7.232465E+00 -2.221161E+01
450 730 -7.190757E+00 -2.233383E+01
445 730 -7.138531E+00 -2.186554E+01
440 730 -7.142159E+00 -2.190674E+01
435 730 -7.012121E+00 -2.233932E+01
430 730 -7.005323E+00 -2.161285E+01
425 730 -6.997331E+00 -2.174057E+01
420 730 -6.907072E+00 -2.170486E+01
