420 420 -7.699196E+00  4.144455E+01
425 420 -7.687390E+00  4.153931E+01
430 420 -7.726251E+00  4.183182E+01
435 420 -7.780819E+00  4.192383E+01
440 420 -7.805210E+00  4.239075E+01
445 420 -7.837914E+00  4.261459E+01
450 420 -7.897536E+00  4.289063E+01
455 420 -7.927577E+00  4.317215E+01
460 420 -7.984029E+00  4.344955E+01
465 420 -8.041952E+00  4.394257E+01
470 420 -8.128859E+00  4.436829E+01
475 420 -8.166569E+00  4.466904E+01
480 420 -8.279657E+00  4.519363E+01
485 420 -8.355631E+00  4.579376E+01
490 420 -8.493570E+00  4.645569E+01
495 420 -8.548368E+00  4.715057E+01
500 420 -8.668943E+00  4.780151E+01
505 420 -8.791862E+00  4.862411E+01
510 420 -8.933935E+00  4.954971E+01
515 420 -9.056026E+00  5.035034E+01
520 420 -9.212154E+00  5.137482E+01
525 420 -9.381924E+00  5.248581E+01
530 420 -9.569700E+00  5.369843E+01
535 420 -9.765240E+00  5.506897E+01
540 420 -9.968266E+00  5.627747E+01
545 420 -1.017028E+01  5.786774E+01
550 420 -1.042172E+01  5.960083E+01
555 420 -1.065217E+01  6.124191E+01
560 420 -1.090568E+01  6.315628E+01
565 420 -1.120663E+01  6.514481E+01
570 420 -1.147976E+01  6.750275E+01
575 420 -1.174939E+01  6.965607E+01
580 420 -1.202425E+01  7.231750E+01
585 420 -1.237895E+01  7.502563E+01
590 420 -1.266080E+01  7.782715E+01
595 420 -1.297305E+01  8.114639E+01
600 420 -1.327236E+01  8.413879E+01
605 420 -1.355981E+01  8.753632E+01
610 420 -1.384248E+01  9.131836E+01
615 420 -1.408262E+01  9.503860E+01
620 420 -1.432414E+01  9.864899E+01
625 420 -1.456052E+01  1.026604E+02
630 420 -1.472478E+01  1.064987E+02
635 420 -1.488077E+01  1.107147E+02
640 420 -1.499670E+01  1.144075E+02
645 420 -1.509817E+01  1.183969E+02
650 420 -1.512798E+01  1.218796E+02
655 420 -1.520120E+01  1.253870E+02
660 420 -1.524121E+01  1.291992E+02
665 420 -1.519647E+01  1.325610E+02
670 420 -1.518659E+01  1.352733E+02
675 420 -1.511310E+01  1.380666E+02
680 420 -1.509358E+01  1.408736E+02
685 420 -1.500855E+01  1.434663E+02
690 420 -1.494126E+01  1.455579E+02
695 420 -1.486928E+01  1.474365E+02
700 420 -1.481581E+01  1.494827E+02
705 420 -1.477007E+01  1.514149E+02
710 420 -1.469226E+01  1.530272E+02
715 420 -1.461049E+01  1.543771E+02
720 420 -1.457223E+01  1.558507E+02
725 420 -1.441624E+01  1.569370E+02
730 420 -1.439580E+01  1.580177E+02
