730 420 -1.438836E+01  1.584956E+02
730 425 -1.448739E+01  1.593704E+02
730 430 -1.443544E+01  1.600433E+02
730 435 -1.452427E+01  1.602741E+02
730 440 -1.452951E+01  1.610760E+02
730 445 -1.452441E+01  1.617064E+02
730 450 -1.452262E+01  1.626979E+02
730 455 -1.454720E+01  1.634477E+02
730 460 -1.465519E+01  1.646411E+02
730 465 -1.462386E+01  1.653525E+02
730 470 -1.465505E+01  1.666159E+02
730 475 -1.473507E+01  1.679919E+02
730 480 -1.473166E+01  1.692018E+02
730 485 -1.477089E+01  1.709267E+02
730 490 -1.478063E+01  1.722986E+02
730 495 -1.478036E+01  1.746716E+02
730 500 -1.480254E+01  1.764390E+02
730 505 -1.482280E+01  1.781062E+02
730 510 -1.487626E+01 -1.794809E+02
730 515 -1.481931E+01 -1.772520E+02
730 520 -1.482376E+01 -1.746304E+02
730 525 -1.478780E+01 -1.723000E+02
730 530 -1.474871E+01 -1.695410E+02
730 535 -1.468647E+01 -1.663042E+02
730 540 -1.462450E+01 -1.636084E+02
730 545 -1.450204E+01 -1.606819E+02
730 550 -1.440099E+01 -1.576771E+02
730 555 -1.424404E+01 -1.542989E+02
730 560 -1.412194E+01 -1.513202E+02
730 565 -1.395929E+01 -1.482784E+02
730 570 -1.376968E+01 -1.450511E+02
730 575 -1.360202E+01 -1.421150E+02
730 580 -1.336381E+01 -1.390581E+02
730 585 -1.314760E+01 -1.365395E+02
730 590 -1.292822E+01 -1.334770E+02
730 595 -1.271881E+01 -1.310985E+02
730 600 -1.246246E+01 -1.286238E+02
730 605 -1.219650E+01 -1.261327E+02
730 610 -1.200478E+01 -1.239381E+02
730 615 -1.176064E+01 -1.217793E+02
730 620 -1.153777E+01 -1.199583E+02
730 625 -1.132624E+01 -1.179877E+02
730 630 -1.112515E+01 -1.162820E+02
730 635 -1.092327E+01 -1.146959E+02
730 640 -1.074399E+01 -1.130974E+02
730 645 -1.056779E+01 -1.118202E+02
730 650 -1.041148E+01 -1.105266E+02
730 655 -1.027147E+01 -1.093318E+02
730 660 -1.010905E+01 -1.082085E+02
730 665 -9.935148E+00 -1.071236E+02
730 670 -9.839468E+00 -1.062460E+02
730 675 -9.701393E+00 -1.054097E+02
730 680 -9.568552E+00 -1.044580E+02
730 685 -9.497768E+00 -1.037384E+02
730 690 -9.393085E+00 -1.030064E+02
730 695 -9.309166E+00 -1.024365E+02
730 700 -9.191347E+00 -1.017719E+02
730 705 -9.128555E+00 -1.013159E+02
730 710 -9.077936E+00 -1.008188E+02
730 715 -9.008852E+00 -1.003862E+02
730 720 -8.953777E+00 -9.986847E+01
730 725 -8.875048E+00 -9.951004E+01
730 730 -8.816988E+00 -9.921478E+01
