425 425 -7.749401E+00  4.120422E+01
430 425 -7.710495E+00  4.157364E+01
435 425 -7.772459E+00  4.196640E+01
440 425 -7.832953E+00  4.210098E+01
445 425 -7.872044E+00  4.236191E+01
450 425 -7.920274E+00  4.255554E+01
455 425 -7.977094E+00  4.291809E+01
460 425 -8.022568E+00  4.331497E+01
465 425 -8.098082E+00  4.370224E+01
470 425 -8.127663E+00  4.404968E+01
475 425 -8.216454E+00  4.446442E+01
480 425 -8.286547E+00  4.507828E+01
485 425 -8.393848E+00  4.556030E+01
490 425 -8.487185E+00  4.617279E+01
495 425 -8.587229E+00  4.695419E+01
500 425 -8.720942E+00  4.752274E+01
505 425 -8.835133E+00  4.833847E+01
510 425 -8.948771E+00  4.926407E+01
515 425 -9.105909E+00  5.015259E+01
520 425 -9.223959E+00  5.116882E+01
525 425 -9.440351E+00  5.227158E+01
530 425 -9.615681E+00  5.349930E+01
535 425 -9.789448E+00  5.477509E+01
540 425 -1.001728E+01  5.617447E+01
545 425 -1.024993E+01  5.756149E+01
550 425 -1.046472E+01  5.929047E+01
555 425 -1.072240E+01  6.128311E+01
560 425 -1.095859E+01  6.306839E+01
565 425 -1.125280E+01  6.500885E+01
570 425 -1.153680E+01  6.724319E+01
575 425 -1.182329E+01  6.962448E+01
580 425 -1.212719E+01  7.229553E+01
585 425 -1.242337E+01  7.497757E+01
590 425 -1.272152E+01  7.782578E+01
595 425 -1.302004E+01  8.091980E+01
600 425 -1.332077E+01  8.402481E+01
605 425 -1.364662E+01  8.765442E+01
610 425 -1.388842E+01  9.136917E+01
615 425 -1.419475E+01  9.479553E+01
620 425 -1.439350E+01  9.875198E+01
625 425 -1.458794E+01  1.026123E+02
630 425 -1.480484E+01  1.064369E+02
635 425 -1.498265E+01  1.107353E+02
640 425 -1.508816E+01  1.147165E+02
645 425 -1.511383E+01  1.185329E+02
650 425 -1.525591E+01  1.222600E+02
655 425 -1.524718E+01  1.260118E+02
660 425 -1.523579E+01  1.293256E+02
665 425 -1.524966E+01  1.325624E+02
670 425 -1.521709E+01  1.357938E+02
675 425 -1.516744E+01  1.385403E+02
680 425 -1.511200E+01  1.411935E+02
685 425 -1.503088E+01  1.435666E+02
690 425 -1.500231E+01  1.459204E+02
695 425 -1.490520E+01  1.477977E+02
700 425 -1.480589E+01  1.501543E+02
705 425 -1.474306E+01  1.516649E+02
710 425 -1.469051E+01  1.535312E+02
715 425 -1.462455E+01  1.549786E+02
720 425 -1.455455E+01  1.563025E+02
725 425 -1.447669E+01  1.575645E+02
