725 425 -1.448817E+01  1.581908E+02
725 430 -1.457894E+01  1.584379E+02
725 435 -1.455133E+01  1.593306E+02
725 440 -1.455790E+01  1.597028E+02
725 445 -1.462239E+01  1.604306E+02
725 450 -1.463576E+01  1.612642E+02
725 455 -1.467439E+01  1.618904E+02
725 460 -1.471444E+01  1.634052E+02
725 465 -1.472693E+01  1.647153E+02
725 470 -1.475431E+01  1.653909E+02
725 475 -1.476717E+01  1.669373E+02
725 480 -1.483368E+01  1.683298E+02
725 485 -1.485118E+01  1.693158E+02
725 490 -1.487254E+01  1.712851E+02
725 495 -1.488688E+01  1.732407E+02
725 500 -1.493993E+01  1.750932E+02
725 505 -1.497452E+01  1.772493E+02
725 510 -1.499826E+01  1.795441E+02
725 515 -1.495674E+01 -1.780925E+02
725 520 -1.491214E+01 -1.752347E+02
725 525 -1.493759E+01 -1.729550E+02
725 530 -1.487558E+01 -1.704034E+02
725 535 -1.486267E+01 -1.673891E+02
725 540 -1.475872E+01 -1.643623E+02
725 545 -1.468766E+01 -1.613122E+02
725 550 -1.454844E+01 -1.582333E+02
725 555 -1.444936E+01 -1.549168E+02
725 560 -1.429461E+01 -1.516072E+02
725 565 -1.407688E+01 -1.485420E+02
725 570 -1.394492E+01 -1.454768E+02
725 575 -1.373661E+01 -1.424570E+02
725 580 -1.352205E+01 -1.394385E+02
725 585 -1.328315E+01 -1.364090E+02
725 590 -1.308261E+01 -1.337942E+02
725 595 -1.281509E+01 -1.310875E+02
725 600 -1.258409E+01 -1.285057E+02
725 605 -1.234289E+01 -1.260640E+02
725 610 -1.210546E+01 -1.239011E+02
725 615 -1.189692E+01 -1.216681E+02
725 620 -1.166817E+01 -1.197688E+02
725 625 -1.145977E+01 -1.177570E+02
725 630 -1.125133E+01 -1.160129E+02
725 635 -1.103824E+01 -1.144872E+02
725 640 -1.088009E+01 -1.128955E+02
725 645 -1.068740E+01 -1.115909E+02
725 650 -1.052411E+01 -1.102890E+02
725 655 -1.035411E+01 -1.089157E+02
725 660 -1.020772E+01 -1.080739E+02
725 665 -1.003538E+01 -1.070206E+02
725 670 -9.946173E+00 -1.058739E+02
725 675 -9.787655E+00 -1.050060E+02
725 680 -9.692574E+00 -1.043179E+02
725 685 -9.580128E+00 -1.034692E+02
725 690 -9.488214E+00 -1.028334E+02
725 695 -9.375677E+00 -1.022470E+02
725 700 -9.329882E+00 -1.015521E+02
725 705 -9.207561E+00 -1.010632E+02
725 710 -9.130117E+00 -1.004466E+02
725 715 -9.059149E+00 -9.996323E+01
725 720 -9.020702E+00 -9.965698E+01
725 725 -8.955477E+00 -9.914612E+01
