425 725 -7.012581E+00 -2.125992E+01
425 720 -7.096869E+00 -2.145218E+01
425 715 -7.099396E+00 -2.081360E+01
425 710 -7.160763E+00 -2.061447E+01
425 705 -7.245923E+00 -2.027802E+01
425 700 -7.365488E+00 -1.980698E+01
425 695 -7.410641E+00 -1.920410E+01
425 690 -7.445964E+00 -1.894180E+01
425 685 -7.569387E+00 -1.851196E+01
425 680 -7.677607E+00 -1.767563E+01
425 675 -7.724504E+00 -1.732132E+01
425 670 -7.864694E+00 -1.676102E+01
425 665 -7.987566E+00 -1.604553E+01
425 660 -8.087425E+00 -1.539047E+01
425 655 -8.198309E+00 -1.435913E+01
425 650 -8.327337E+00 -1.338547E+01
425 645 -8.436796E+00 -1.247498E+01
425 640 -8.633621E+00 -1.149994E+01
425 635 -8.697836E+00 -1.000717E+01
425 630 -8.850519E+00 -8.705292E+00
425 625 -8.971188E+00 -7.169952E+00
425 620 -9.101088E+00 -5.789795E+00
425 615 -9.226852E+00 -3.907013E+00
425 610 -9.326942E+00 -2.243958E+00
425 605 -9.468233E+00 -1.771545E-01
425 600 -9.526340E+00  1.536713E+00
425 595 -9.636671E+00  3.452454E+00
425 590 -9.692848E+00  5.810394E+00
425 585 -9.752333E+00  7.792053E+00
425 580 -9.730377E+00  1.021454E+01
425 575 -9.755089E+00  1.205475E+01
425 570 -9.752562E+00  1.437424E+01
425 565 -9.720087E+00  1.640259E+01
425 560 -9.689909E+00  1.837875E+01
425 555 -9.633181E+00  1.999512E+01
425 550 -9.562305E+00  2.197540E+01
425 545 -9.466625E+00  2.397354E+01
425 540 -9.405535E+00  2.553909E+01
425 535 -9.294420E+00  2.702774E+01
425 530 -9.162317E+00  2.840790E+01
425 525 -9.085056E+00  2.981827E+01
425 520 -9.006004E+00  3.110229E+01
425 515 -8.910372E+00  3.214874E+01
425 510 -8.816254E+00  3.316223E+01
425 505 -8.730219E+00  3.423477E+01
425 500 -8.608128E+00  3.503677E+01
425 495 -8.552641E+00  3.566437E+01
425 490 -8.446947E+00  3.651855E+01
425 485 -8.349798E+00  3.711319E+01
425 480 -8.276581E+00  3.760757E+01
425 475 -8.201662E+00  3.818161E+01
425 470 -8.145624E+00  3.872269E+01
425 465 -8.071945E+00  3.907974E+01
425 460 -8.035566E+00  3.937363E+01
425 455 -7.996156E+00  3.972519E+01
425 450 -7.939244E+00  4.030609E+01
425 445 -7.871538E+00  4.035553E+01
425 440 -7.871124E+00  4.074554E+01
425 435 -7.789593E+00  4.095291E+01
425 430 -7.749033E+00  4.117676E+01
425 425 -7.743199E+00  4.122482E+01
