725 725 -8.958969E+00 -9.916397E+01
720 725 -9.027777E+00 -9.885773E+01
715 725 -9.105818E+00 -9.845261E+01
710 725 -9.220238E+00 -9.793900E+01
705 725 -9.329790E+00 -9.742676E+01
700 725 -9.476593E+00 -9.661514E+01
695 725 -9.560606E+00 -9.612488E+01
690 725 -9.694365E+00 -9.526520E+01
685 725 -9.820498E+00 -9.449753E+01
680 725 -9.971344E+00 -9.354309E+01
675 725 -1.015540E+01 -9.253372E+01
670 725 -1.028663E+01 -9.131561E+01
665 725 -1.044914E+01 -8.998215E+01
660 725 -1.063357E+01 -8.853882E+01
655 725 -1.081528E+01 -8.673431E+01
650 725 -1.098882E+01 -8.506439E+01
645 725 -1.114279E+01 -8.313629E+01
640 725 -1.131825E+01 -8.079620E+01
635 725 -1.149418E+01 -7.856461E+01
630 725 -1.156859E+01 -7.589905E+01
625 725 -1.171186E+01 -7.315521E+01
620 725 -1.180469E+01 -7.015869E+01
615 725 -1.181250E+01 -6.759888E+01
610 725 -1.190285E+01 -6.441284E+01
605 725 -1.185701E+01 -6.087387E+01
600 725 -1.181011E+01 -5.790344E+01
595 725 -1.172260E+01 -5.495361E+01
590 725 -1.157805E+01 -5.198868E+01
585 725 -1.146101E+01 -4.895508E+01
580 725 -1.128321E+01 -4.614807E+01
575 725 -1.109313E+01 -4.378464E+01
570 725 -1.093094E+01 -4.103668E+01
565 725 -1.065833E+01 -3.907013E+01
560 725 -1.044579E+01 -3.718597E+01
555 725 -1.019940E+01 -3.540619E+01
550 725 -9.957058E+00 -3.378708E+01
545 725 -9.746178E+00 -3.249481E+01
540 725 -9.538651E+00 -3.093475E+01
535 725 -9.320099E+00 -2.993362E+01
530 725 -9.120930E+00 -2.884598E+01
525 725 -8.900862E+00 -2.810715E+01
520 725 -8.760765E+00 -2.713211E+01
515 725 -8.596323E+00 -2.637268E+01
510 725 -8.419249E+00 -2.580963E+01
505 725 -8.272446E+00 -2.525070E+01
500 725 -8.162113E+00 -2.486343E+01
495 725 -8.009155E+00 -2.437317E+01
490 725 -7.899466E+00 -2.379089E+01
485 725 -7.800709E+00 -2.340775E+01
480 725 -7.712333E+00 -2.322098E+01
475 725 -7.585739E+00 -2.291473E+01
470 725 -7.526715E+00 -2.279388E+01
465 725 -7.376696E+00 -2.219238E+01
460 725 -7.382483E+00 -2.204544E+01
455 725 -7.325710E+00 -2.194794E+01
450 725 -7.238895E+00 -2.184357E+01
445 725 -7.163840E+00 -2.189301E+01
440 725 -7.206925E+00 -2.153870E+01
435 725 -7.117401E+00 -2.178040E+01
430 725 -7.004267E+00 -2.142197E+01
425 725 -7.022089E+00 -2.120499E+01
