720 720 -9.123365E+00 -9.906235E+01
715 720 -9.206551E+00 -9.858032E+01
710 720 -9.278988E+00 -9.828506E+01
705 720 -9.397083E+00 -9.765610E+01
700 720 -9.503923E+00 -9.691727E+01
695 720 -9.634834E+00 -9.617020E+01
690 720 -9.764688E+00 -9.555771E+01
685 720 -9.877686E+00 -9.478729E+01
680 720 -1.009196E+01 -9.396469E+01
675 720 -1.020101E+01 -9.259277E+01
670 720 -1.037556E+01 -9.155869E+01
665 720 -1.052255E+01 -9.012634E+01
660 720 -1.072199E+01 -8.863358E+01
655 720 -1.089107E+01 -8.699387E+01
650 720 -1.108606E+01 -8.512482E+01
645 720 -1.121334E+01 -8.328735E+01
640 720 -1.139878E+01 -8.098160E+01
635 720 -1.155265E+01 -7.861267E+01
630 720 -1.169013E+01 -7.609406E+01
625 720 -1.176790E+01 -7.332962E+01
620 720 -1.189812E+01 -7.034683E+01
615 720 -1.195135E+01 -6.731735E+01
610 720 -1.195457E+01 -6.414642E+01
605 720 -1.197795E+01 -6.079971E+01
600 720 -1.189081E+01 -5.777435E+01
595 720 -1.185834E+01 -5.473526E+01
590 720 -1.165554E+01 -5.165909E+01
585 720 -1.154273E+01 -4.868866E+01
580 720 -1.136524E+01 -4.606979E+01
575 720 -1.115606E+01 -4.341110E+01
570 720 -1.092984E+01 -4.108749E+01
565 720 -1.072580E+01 -3.873230E+01
560 720 -1.049880E+01 -3.698822E+01
555 720 -1.024961E+01 -3.482803E+01
550 720 -1.002238E+01 -3.329132E+01
545 720 -9.811174E+00 -3.174637E+01
540 720 -9.600615E+00 -3.093887E+01
535 720 -9.401354E+00 -2.953400E+01
530 720 -9.234064E+00 -2.847244E+01
525 720 -8.988274E+00 -2.764023E+01
520 720 -8.835453E+00 -2.646744E+01
515 720 -8.649790E+00 -2.583435E+01
510 720 -8.502802E+00 -2.518204E+01
505 720 -8.369917E+00 -2.492386E+01
500 720 -8.208691E+00 -2.423859E+01
495 720 -8.082144E+00 -2.370026E+01
490 720 -7.936994E+00 -2.380875E+01
485 720 -7.826982E+00 -2.341187E+01
480 720 -7.736034E+00 -2.296967E+01
475 720 -7.670809E+00 -2.259476E+01
470 720 -7.586520E+00 -2.248077E+01
465 720 -7.560246E+00 -2.208115E+01
460 720 -7.428601E+00 -2.167053E+01
455 720 -7.379452E+00 -2.177490E+01
450 720 -7.307290E+00 -2.196167E+01
445 720 -7.216434E+00 -2.121048E+01
440 720 -7.176517E+00 -2.127914E+01
435 720 -7.185337E+00 -2.104019E+01
430 720 -7.130676E+00 -2.118439E+01
