430 720 -7.141287E+00 -2.119949E+01
430 715 -7.145375E+00 -2.097565E+01
430 710 -7.204950E+00 -2.067490E+01
430 705 -7.319371E+00 -1.990585E+01
430 700 -7.362273E+00 -1.974518E+01
430 695 -7.454415E+00 -1.939087E+01
430 690 -7.530757E+00 -1.876465E+01
430 685 -7.662954E+00 -1.848038E+01
430 680 -7.685140E+00 -1.842957E+01
430 675 -7.760563E+00 -1.746002E+01
430 670 -7.864142E+00 -1.662643E+01
430 665 -8.018755E+00 -1.583679E+01
430 660 -8.164961E+00 -1.548248E+01
430 655 -8.244518E+00 -1.428497E+01
430 650 -8.372856E+00 -1.322754E+01
430 645 -8.514378E+00 -1.243927E+01
430 640 -8.640144E+00 -1.122391E+01
430 635 -8.741014E+00 -1.040131E+01
430 630 -8.888783E+00 -8.503418E+00
430 625 -9.020199E+00 -7.066956E+00
430 620 -9.148031E+00 -5.574188E+00
430 615 -9.284637E+00 -3.760071E+00
430 610 -9.394327E+00 -2.136841E+00
430 605 -9.500341E+00 -3.790283E-01
430 600 -9.606724E+00  1.602631E+00
430 595 -9.675900E+00  3.880920E+00
430 590 -9.739885E+00  5.829620E+00
430 585 -9.780811E+00  8.118896E+00
430 580 -9.804972E+00  1.001404E+01
430 575 -9.810575E+00  1.211517E+01
430 570 -9.789448E+00  1.428909E+01
430 565 -9.761887E+00  1.675140E+01
430 560 -9.703873E+00  1.844879E+01
430 555 -9.702402E+00  2.055679E+01
430 550 -9.633366E+00  2.253159E+01
430 545 -9.533047E+00  2.420563E+01
430 540 -9.447977E+00  2.585358E+01
430 535 -9.353170E+00  2.750977E+01
430 530 -9.232870E+00  2.889816E+01
430 525 -9.136639E+00  3.013275E+01
430 520 -9.020290E+00  3.153900E+01
430 515 -8.938850E+00  3.238632E+01
430 510 -8.811155E+00  3.378159E+01
430 505 -8.734583E+00  3.450119E+01
430 500 -8.654980E+00  3.518234E+01
430 495 -8.540377E+00  3.598572E+01
430 490 -8.470373E+00  3.677811E+01
430 485 -8.405056E+00  3.743866E+01
430 480 -8.316404E+00  3.785889E+01
430 475 -8.251362E+00  3.852219E+01
430 470 -8.169876E+00  3.896164E+01
430 465 -8.127802E+00  3.943542E+01
430 460 -8.060738E+00  3.981033E+01
430 455 -8.021235E+00  4.019073E+01
430 450 -7.965978E+00  4.056976E+01
430 445 -7.923167E+00  4.085266E+01
430 440 -7.842784E+00  4.114380E+01
430 435 -7.843518E+00  4.134842E+01
430 430 -7.800939E+00  4.125229E+01
