430 430 -7.780406E+00  4.152008E+01
435 430 -7.797677E+00  4.174805E+01
440 430 -7.878474E+00  4.199387E+01
445 430 -7.865980E+00  4.238388E+01
450 430 -7.942368E+00  4.250610E+01
455 430 -7.933870E+00  4.294418E+01
460 430 -8.061335E+00  4.321747E+01
465 430 -8.112139E+00  4.365692E+01
470 430 -8.176123E+00  4.391785E+01
475 430 -8.264454E+00  4.452896E+01
480 430 -8.343643E+00  4.491898E+01
485 430 -8.424072E+00  4.554520E+01
490 430 -8.519430E+00  4.618790E+01
495 430 -8.612263E+00  4.684296E+01
500 430 -8.755941E+00  4.757629E+01
505 430 -8.873165E+00  4.822723E+01
510 430 -8.990433E+00  4.917755E+01
515 430 -9.142242E+00  4.993149E+01
520 430 -9.292675E+00  5.090652E+01
525 430 -9.477053E+00  5.231689E+01
530 430 -9.643194E+00  5.341415E+01
535 430 -9.837814E+00  5.466934E+01
540 430 -1.006445E+01  5.617996E+01
545 430 -1.027354E+01  5.763565E+01
550 430 -1.051965E+01  5.927673E+01
555 430 -1.074666E+01  6.100433E+01
560 430 -1.100517E+01  6.300934E+01
565 430 -1.129055E+01  6.504456E+01
570 430 -1.155683E+01  6.716766E+01
575 430 -1.185682E+01  6.961075E+01
580 430 -1.216812E+01  7.221863E+01
585 430 -1.248464E+01  7.507095E+01
590 430 -1.280333E+01  7.793152E+01
595 430 -1.310135E+01  8.101456E+01
600 430 -1.339353E+01  8.433929E+01
605 430 -1.370689E+01  8.776291E+01
610 430 -1.397565E+01  9.138290E+01
615 430 -1.421730E+01  9.516220E+01
620 430 -1.447334E+01  9.914337E+01
625 430 -1.468408E+01  1.027702E+02
630 430 -1.487544E+01  1.069354E+02
635 430 -1.502922E+01  1.112352E+02
640 430 -1.514314E+01  1.148456E+02
645 430 -1.522577E+01  1.188213E+02
650 430 -1.530156E+01  1.229700E+02
655 430 -1.530423E+01  1.264664E+02
660 430 -1.533431E+01  1.297252E+02
665 430 -1.530836E+01  1.332861E+02
670 430 -1.526123E+01  1.361192E+02
675 430 -1.521631E+01  1.388370E+02
680 430 -1.518664E+01  1.417923E+02
685 430 -1.509371E+01  1.442862E+02
690 430 -1.499000E+01  1.464876E+02
695 430 -1.498770E+01  1.488277E+02
700 430 -1.490010E+01  1.508807E+02
705 430 -1.479657E+01  1.526427E+02
710 430 -1.469648E+01  1.540407E+02
715 430 -1.465849E+01  1.554318E+02
720 430 -1.455758E+01  1.568394E+02
