720 430 -1.456042E+01  1.573668E+02
720 435 -1.463250E+01  1.581303E+02
720 440 -1.464086E+01  1.589955E+02
720 445 -1.471531E+01  1.595970E+02
720 450 -1.474494E+01  1.602273E+02
720 455 -1.472657E+01  1.613150E+02
720 460 -1.478219E+01  1.620277E+02
720 465 -1.482303E+01  1.635109E+02
720 470 -1.487631E+01  1.643980E+02
720 475 -1.488784E+01  1.657205E+02
720 480 -1.491439E+01  1.670883E+02
720 485 -1.496937E+01  1.689876E+02
720 490 -1.500947E+01  1.702386E+02
720 495 -1.502132E+01  1.719965E+02
720 500 -1.507640E+01  1.741031E+02
720 505 -1.510244E+01  1.766368E+02
720 510 -1.508999E+01  1.784853E+02
720 515 -1.512775E+01 -1.792310E+02
720 520 -1.514952E+01 -1.764390E+02
720 525 -1.510010E+01 -1.737405E+02
720 530 -1.501292E+01 -1.708951E+02
720 535 -1.501048E+01 -1.678148E+02
720 540 -1.493690E+01 -1.647345E+02
720 545 -1.483235E+01 -1.617064E+02
720 550 -1.473010E+01 -1.584297E+02
720 555 -1.460907E+01 -1.552176E+02
720 560 -1.447062E+01 -1.517981E+02
720 565 -1.429860E+01 -1.485818E+02
720 570 -1.410325E+01 -1.454919E+02
720 575 -1.389016E+01 -1.424007E+02
720 580 -1.368149E+01 -1.393011E+02
720 585 -1.349302E+01 -1.364323E+02
720 590 -1.322642E+01 -1.334798E+02
720 595 -1.300190E+01 -1.308623E+02
720 600 -1.273245E+01 -1.283491E+02
720 605 -1.252167E+01 -1.258566E+02
720 610 -1.224152E+01 -1.234273E+02
720 615 -1.202476E+01 -1.213824E+02
720 620 -1.179408E+01 -1.192964E+02
720 625 -1.157718E+01 -1.176018E+02
720 630 -1.136230E+01 -1.158055E+02
720 635 -1.117365E+01 -1.140120E+02
720 640 -1.097761E+01 -1.125371E+02
720 645 -1.078055E+01 -1.111871E+02
720 650 -1.062153E+01 -1.099278E+02
720 655 -1.045525E+01 -1.085188E+02
720 660 -1.030919E+01 -1.074820E+02
720 665 -1.015319E+01 -1.063545E+02
720 670 -1.001098E+01 -1.054907E+02
720 675 -9.902903E+00 -1.045404E+02
720 680 -9.766479E+00 -1.036574E+02
720 685 -9.669699E+00 -1.029515E+02
720 690 -9.583481E+00 -1.022786E+02
720 695 -9.475170E+00 -1.015274E+02
720 700 -9.372416E+00 -1.011044E+02
720 705 -9.306410E+00 -1.004288E+02
720 710 -9.229563E+00 -1.000800E+02
720 715 -9.153038E+00 -9.938782E+01
720 720 -9.114866E+00 -9.915710E+01
