715 435 -1.468775E+01  1.571580E+02
715 440 -1.471559E+01  1.574203E+02
715 445 -1.477121E+01  1.582704E+02
715 450 -1.478150E+01  1.593636E+02
715 455 -1.480057E+01  1.601312E+02
715 460 -1.486832E+01  1.610651E+02
715 465 -1.494976E+01  1.622997E+02
715 470 -1.495137E+01  1.633612E+02
715 475 -1.501480E+01  1.646919E+02
715 480 -1.504911E+01  1.662218E+02
715 485 -1.503864E+01  1.677324E+02
715 490 -1.513740E+01  1.693858E+02
715 495 -1.517107E+01  1.710887E+02
715 500 -1.518995E+01  1.733450E+02
715 505 -1.521337E+01  1.751729E+02
715 510 -1.527230E+01  1.777780E+02
715 515 -1.525494E+01 -1.798531E+02
715 520 -1.526486E+01 -1.774553E+02
715 525 -1.522899E+01 -1.745206E+02
715 530 -1.524286E+01 -1.717259E+02
715 535 -1.523400E+01 -1.685344E+02
715 540 -1.510722E+01 -1.657068E+02
715 545 -1.503212E+01 -1.624054E+02
715 550 -1.490970E+01 -1.589763E+02
715 555 -1.480323E+01 -1.555623E+02
715 560 -1.467232E+01 -1.522774E+02
715 565 -1.447269E+01 -1.490254E+02
715 570 -1.430522E+01 -1.456595E+02
715 575 -1.412383E+01 -1.423759E+02
715 580 -1.388226E+01 -1.394138E+02
715 585 -1.365622E+01 -1.363280E+02
715 590 -1.342109E+01 -1.334303E+02
715 595 -1.317360E+01 -1.305107E+02
715 600 -1.293837E+01 -1.278465E+02
715 605 -1.266112E+01 -1.255284E+02
715 610 -1.242135E+01 -1.232034E+02
715 615 -1.220445E+01 -1.210721E+02
715 620 -1.194584E+01 -1.189709E+02
715 625 -1.173721E+01 -1.169865E+02
715 630 -1.151995E+01 -1.152081E+02
715 635 -1.129565E+01 -1.135451E+02
715 640 -1.110241E+01 -1.120825E+02
715 645 -1.092093E+01 -1.105788E+02
715 650 -1.072787E+01 -1.091299E+02
715 655 -1.054299E+01 -1.080588E+02
715 660 -1.040909E+01 -1.068105E+02
715 665 -1.026711E+01 -1.058052E+02
715 670 -1.012049E+01 -1.048082E+02
715 675 -1.000497E+01 -1.039925E+02
715 680 -9.871897E+00 -1.030023E+02
715 685 -9.759314E+00 -1.024461E+02
715 690 -9.682055E+00 -1.015878E+02
715 695 -9.553394E+00 -1.010687E+02
715 700 -9.464283E+00 -1.003642E+02
715 705 -9.390238E+00 -9.990280E+01
715 710 -9.312887E+00 -9.935349E+01
715 715 -9.244951E+00 -9.898682E+01
