435 435 -7.848709E+00  4.157364E+01
440 435 -7.862213E+00  4.187988E+01
445 435 -7.886926E+00  4.224106E+01
450 435 -7.944757E+00  4.237839E+01
455 435 -8.012371E+00  4.265167E+01
460 435 -8.088619E+00  4.332047E+01
465 435 -8.148287E+00  4.358688E+01
470 435 -8.202213E+00  4.392609E+01
475 435 -8.302395E+00  4.453857E+01
480 435 -8.376623E+00  4.488876E+01
485 435 -8.467756E+00  4.549164E+01
490 435 -8.541939E+00  4.605881E+01
495 435 -8.640190E+00  4.676605E+01
500 435 -8.761316E+00  4.745956E+01
505 435 -8.919374E+00  4.826431E+01
510 435 -9.010736E+00  4.911026E+01
515 435 -9.178026E+00  5.014435E+01
520 435 -9.324003E+00  5.108780E+01
525 435 -9.499331E+00  5.216995E+01
530 435 -9.696339E+00  5.345123E+01
535 435 -9.893349E+00  5.475174E+01
540 435 -1.007538E+01  5.601654E+01
545 435 -1.030280E+01  5.762192E+01
550 435 -1.054303E+01  5.925339E+01
555 435 -1.081165E+01  6.117737E+01
560 435 -1.106580E+01  6.298325E+01
565 435 -1.135353E+01  6.521347E+01
570 435 -1.161581E+01  6.733246E+01
575 435 -1.191718E+01  6.968628E+01
580 435 -1.224427E+01  7.215134E+01
585 435 -1.252529E+01  7.493912E+01
590 435 -1.284646E+01  7.798096E+01
595 435 -1.318100E+01  8.122055E+01
600 435 -1.345963E+01  8.422668E+01
605 435 -1.376835E+01  8.778351E+01
610 435 -1.405552E+01  9.154907E+01
615 435 -1.437164E+01  9.544373E+01
620 435 -1.455560E+01  9.937683E+01
625 435 -1.475877E+01  1.033951E+02
630 435 -1.494383E+01  1.076289E+02
635 435 -1.512012E+01  1.114865E+02
640 435 -1.523533E+01  1.156943E+02
645 435 -1.528562E+01  1.194351E+02
650 435 -1.535645E+01  1.231732E+02
655 435 -1.535884E+01  1.269333E+02
660 435 -1.538810E+01  1.306137E+02
665 435 -1.537460E+01  1.336624E+02
670 435 -1.537552E+01  1.372179E+02
675 435 -1.525581E+01  1.399493E+02
680 435 -1.519812E+01  1.426877E+02
685 435 -1.515127E+01  1.450621E+02
690 435 -1.508609E+01  1.473061E+02
695 435 -1.495173E+01  1.491930E+02
700 435 -1.489946E+01  1.515605E+02
705 435 -1.481494E+01  1.533664E+02
710 435 -1.473566E+01  1.547369E+02
715 435 -1.469147E+01  1.563560E+02
