435 715 -7.206283E+00 -2.091522E+01
435 710 -7.244866E+00 -2.060211E+01
435 705 -7.361629E+00 -1.979462E+01
435 700 -7.357588E+00 -1.975342E+01
435 695 -7.447709E+00 -1.924805E+01
435 690 -7.593778E+00 -1.902008E+01
435 685 -7.647060E+00 -1.807114E+01
435 680 -7.771816E+00 -1.745728E+01
435 675 -7.797034E+00 -1.732956E+01
435 670 -7.966759E+00 -1.642868E+01
435 665 -8.029457E+00 -1.592880E+01
435 660 -8.171162E+00 -1.509933E+01
435 655 -8.287006E+00 -1.428223E+01
435 650 -8.395226E+00 -1.321243E+01
435 645 -8.560955E+00 -1.229645E+01
435 640 -8.686628E+00 -1.110580E+01
435 635 -8.820938E+00 -9.573212E+00
435 630 -8.948633E+00 -8.449860E+00
435 625 -9.054096E+00 -6.991425E+00
435 620 -9.217987E+00 -5.420380E+00
435 615 -9.320051E+00 -3.786163E+00
435 610 -9.403650E+00 -1.823730E+00
435 605 -9.557344E+00  2.609253E-02
435 600 -9.649855E+00  1.970673E+00
435 595 -9.765699E+00  3.819122E+00
435 590 -9.799507E+00  6.425629E+00
435 585 -9.807959E+00  8.257599E+00
435 580 -9.855776E+00  1.044250E+01
435 575 -9.859818E+00  1.260406E+01
435 570 -9.846771E+00  1.452805E+01
435 565 -9.835840E+00  1.697113E+01
435 560 -9.784487E+00  1.870285E+01
435 555 -9.727207E+00  2.088226E+01
435 550 -9.635248E+00  2.272110E+01
435 545 -9.568092E+00  2.455994E+01
435 540 -9.489548E+00  2.617218E+01
435 535 -9.386333E+00  2.778992E+01
435 530 -9.286705E+00  2.925385E+01
435 525 -9.185053E+00  3.073425E+01
435 520 -9.087582E+00  3.185211E+01
435 515 -8.974035E+00  3.281891E+01
435 510 -8.891125E+00  3.367859E+01
435 505 -8.791725E+00  3.487885E+01
435 500 -8.671103E+00  3.579071E+01
435 495 -8.602938E+00  3.641281E+01
435 490 -8.519201E+00  3.704453E+01
435 485 -8.419020E+00  3.786987E+01
435 480 -8.342724E+00  3.832718E+01
435 475 -8.290222E+00  3.897675E+01
435 470 -8.228901E+00  3.932831E+01
435 465 -8.145624E+00  3.967987E+01
435 460 -8.099369E+00  4.016327E+01
435 455 -8.037817E+00  4.059036E+01
435 450 -8.000244E+00  4.089935E+01
435 445 -7.954678E+00  4.100098E+01
435 440 -7.893540E+00  4.153107E+01
435 435 -7.829555E+00  4.158325E+01
