715 715 -9.261120E+00 -9.879730E+01
710 715 -9.321981E+00 -9.847870E+01
705 715 -9.462215E+00 -9.779205E+01
700 715 -9.571676E+00 -9.718369E+01
695 715 -9.680079E+00 -9.661377E+01
690 715 -9.818752E+00 -9.582825E+01
685 715 -9.968037E+00 -9.495621E+01
680 715 -1.012155E+01 -9.405945E+01
675 715 -1.027611E+01 -9.285782E+01
670 715 -1.042857E+01 -9.189651E+01
665 715 -1.061910E+01 -9.046967E+01
660 715 -1.077348E+01 -8.886566E+01
655 715 -1.098583E+01 -8.728638E+01
650 715 -1.116943E+01 -8.549698E+01
645 715 -1.133245E+01 -8.330795E+01
640 715 -1.151113E+01 -8.130432E+01
635 715 -1.165752E+01 -7.872391E+01
630 715 -1.181897E+01 -7.628494E+01
625 715 -1.190257E+01 -7.346832E+01
620 715 -1.201144E+01 -7.023560E+01
615 715 -1.205204E+01 -6.715942E+01
610 715 -1.212158E+01 -6.421921E+01
605 715 -1.209127E+01 -6.100159E+01
600 715 -1.203422E+01 -5.758621E+01
595 715 -1.193275E+01 -5.464188E+01
590 715 -1.178604E+01 -5.142563E+01
585 715 -1.163579E+01 -4.842499E+01
580 715 -1.149767E+01 -4.574844E+01
575 715 -1.126837E+01 -4.303345E+01
570 715 -1.105854E+01 -4.065491E+01
565 715 -1.080913E+01 -3.840546E+01
560 715 -1.059172E+01 -3.643478E+01
555 715 -1.041111E+01 -3.471817E+01
550 715 -1.009118E+01 -3.304688E+01
545 715 -9.877869E+00 -3.135223E+01
540 715 -9.708054E+00 -3.008331E+01
535 715 -9.481831E+00 -2.871552E+01
530 715 -9.265207E+00 -2.800415E+01
525 715 -9.089832E+00 -2.713348E+01
520 715 -8.880423E+00 -2.595795E+01
515 715 -8.734859E+00 -2.546356E+01
510 715 -8.570463E+00 -2.475082E+01
505 715 -8.404919E+00 -2.427017E+01
500 715 -8.253752E+00 -2.382385E+01
495 715 -8.121922E+00 -2.327591E+01
490 715 -8.031248E+00 -2.315231E+01
485 715 -7.918436E+00 -2.268402E+01
480 715 -7.825926E+00 -2.234344E+01
475 715 -7.708750E+00 -2.191772E+01
470 715 -7.703146E+00 -2.175980E+01
465 715 -7.512016E+00 -2.162247E+01
460 715 -7.479128E+00 -2.123245E+01
455 715 -7.425615E+00 -2.124344E+01
450 715 -7.310506E+00 -2.127502E+01
445 715 -7.305729E+00 -2.098663E+01
440 715 -7.237058E+00 -2.080673E+01
435 715 -7.183132E+00 -2.074905E+01
