440 710 -7.330854E+00 -2.029037E+01
440 705 -7.300952E+00 -1.994293E+01
440 700 -7.456666E+00 -1.979736E+01
440 695 -7.557904E+00 -1.924255E+01
440 690 -7.603194E+00 -1.877289E+01
440 685 -7.619914E+00 -1.830597E+01
440 680 -7.768969E+00 -1.797775E+01
440 675 -7.945124E+00 -1.720322E+01
440 670 -7.964600E+00 -1.666901E+01
440 665 -8.102262E+00 -1.587250E+01
440 660 -8.217096E+00 -1.498535E+01
440 655 -8.335651E+00 -1.381805E+01
440 650 -8.498531E+00 -1.314377E+01
440 645 -8.582542E+00 -1.203964E+01
440 640 -8.750385E+00 -1.090668E+01
440 635 -8.867516E+00 -9.808044E+00
440 630 -9.011839E+00 -8.221893E+00
440 625 -9.129475E+00 -6.900787E+00
440 620 -9.280550E+00 -5.237732E+00
440 615 -9.363413E+00 -3.446960E+00
440 610 -9.492533E+00 -1.940460E+00
440 605 -9.620365E+00  2.485657E-01
440 600 -9.738874E+00  2.065430E+00
440 595 -9.801390E+00  4.259949E+00
440 590 -9.863768E+00  6.321259E+00
440 585 -9.917418E+00  8.532257E+00
440 580 -9.952465E+00  1.075562E+01
440 575 -9.938225E+00  1.284439E+01
440 570 -9.912687E+00  1.497025E+01
440 565 -9.874332E+00  1.711670E+01
440 560 -9.835564E+00  1.933044E+01
440 555 -9.781546E+00  2.118301E+01
440 550 -9.709154E+00  2.295456E+01
440 545 -9.628359E+00  2.494995E+01
440 540 -9.566256E+00  2.650314E+01
440 535 -9.424137E+00  2.818268E+01
440 530 -9.312887E+00  2.954361E+01
440 525 -9.216473E+00  3.093613E+01
440 520 -9.140314E+00  3.212677E+01
440 515 -9.009588E+00  3.322678E+01
440 510 -8.947762E+00  3.421005E+01
440 505 -8.807709E+00  3.521118E+01
440 500 -8.727556E+00  3.616013E+01
440 495 -8.649422E+00  3.669846E+01
440 490 -8.535370E+00  3.755951E+01
440 485 -8.467985E+00  3.815826E+01
440 480 -8.386499E+00  3.871994E+01
440 475 -8.328806E+00  3.918411E+01
440 470 -8.263626E+00  3.967163E+01
440 465 -8.178144E+00  4.020447E+01
440 460 -8.107729E+00  4.049149E+01
440 455 -8.089861E+00  4.098038E+01
440 450 -8.024635E+00  4.123856E+01
440 445 -7.998498E+00  4.155991E+01
440 440 -7.971949E+00  4.160522E+01
