710 710 -9.410633E+00 -9.877121E+01
705 710 -9.527855E+00 -9.810104E+01
700 710 -9.648109E+00 -9.763138E+01
695 710 -9.758120E+00 -9.703949E+01
690 710 -9.917049E+00 -9.619766E+01
685 710 -1.005122E+01 -9.531326E+01
680 710 -1.015875E+01 -9.429977E+01
675 710 -1.037391E+01 -9.330551E+01
670 710 -1.053536E+01 -9.198441E+01
665 710 -1.070532E+01 -9.084183E+01
660 710 -1.087862E+01 -8.925980E+01
655 710 -1.106824E+01 -8.750885E+01
650 710 -1.127875E+01 -8.549149E+01
645 710 -1.144521E+01 -8.360046E+01
640 710 -1.160410E+01 -8.151306E+01
635 710 -1.178563E+01 -7.892303E+01
630 710 -1.193496E+01 -7.627808E+01
625 710 -1.203335E+01 -7.332275E+01
620 710 -1.213973E+01 -7.042236E+01
615 710 -1.219260E+01 -6.755356E+01
610 710 -1.225176E+01 -6.400085E+01
605 710 -1.219742E+01 -6.049622E+01
600 710 -1.216733E+01 -5.764664E+01
595 710 -1.205250E+01 -5.428619E+01
590 710 -1.194800E+01 -5.142838E+01
585 710 -1.181489E+01 -4.806107E+01
580 710 -1.157227E+01 -4.517990E+01
575 710 -1.138316E+01 -4.262833E+01
570 710 -1.118495E+01 -4.018387E+01
565 710 -1.098487E+01 -3.792618E+01
560 710 -1.069921E+01 -3.590469E+01
555 710 -1.043863E+01 -3.390518E+01
550 710 -1.019068E+01 -3.234650E+01
545 710 -9.964775E+00 -3.071503E+01
540 710 -9.756788E+00 -2.975922E+01
535 710 -9.519680E+00 -2.846970E+01
530 710 -9.318260E+00 -2.758667E+01
525 710 -9.137695E+00 -2.682037E+01
520 710 -8.952814E+00 -2.578491E+01
515 710 -8.790255E+00 -2.495270E+01
510 710 -8.602846E+00 -2.449127E+01
505 710 -8.474415E+00 -2.373184E+01
500 710 -8.354345E+00 -2.358078E+01
495 710 -8.229361E+00 -2.290787E+01
490 710 -8.081684E+00 -2.233658E+01
485 710 -7.950865E+00 -2.220749E+01
480 710 -7.839063E+00 -2.181198E+01
475 710 -7.747793E+00 -2.159775E+01
470 710 -7.664286E+00 -2.123245E+01
465 710 -7.651608E+00 -2.164581E+01
460 710 -7.588312E+00 -2.115005E+01
455 710 -7.453635E+00 -2.097015E+01
450 710 -7.429474E+00 -2.073532E+01
445 710 -7.331222E+00 -2.035080E+01
440 710 -7.312160E+00 -2.033569E+01
