440 440 -7.920090E+00  4.175491E+01
445 440 -7.949901E+00  4.200211E+01
450 440 -8.001301E+00  4.246216E+01
455 440 -8.053114E+00  4.289886E+01
460 440 -8.097439E+00  4.301422E+01
465 440 -8.177547E+00  4.330811E+01
470 440 -8.263811E+00  4.396179E+01
475 440 -8.328117E+00  4.431061E+01
480 440 -8.378506E+00  4.479126E+01
485 440 -8.496647E+00  4.548477E+01
490 440 -8.591042E+00  4.599838E+01
495 440 -8.714556E+00  4.674683E+01
500 440 -8.803162E+00  4.748016E+01
505 440 -8.930628E+00  4.811325E+01
510 440 -9.075134E+00  4.908554E+01
515 440 -9.186201E+00  5.005920E+01
520 440 -9.363413E+00  5.106445E+01
525 440 -9.525099E+00  5.204361E+01
530 440 -9.733683E+00  5.316284E+01
535 440 -9.927523E+00  5.471054E+01
540 440 -1.014947E+01  5.607559E+01
545 440 -1.035498E+01  5.746399E+01
550 440 -1.061285E+01  5.925751E+01
555 440 -1.085166E+01  6.103317E+01
560 440 -1.112235E+01  6.296677E+01
565 440 -1.140084E+01  6.495392E+01
570 440 -1.170883E+01  6.719925E+01
575 440 -1.200776E+01  6.958740E+01
580 440 -1.231506E+01  7.236008E+01
585 440 -1.260848E+01  7.497757E+01
590 440 -1.292767E+01  7.796036E+01
595 440 -1.323152E+01  8.118073E+01
600 440 -1.358576E+01  8.460571E+01
605 440 -1.386182E+01  8.821884E+01
610 440 -1.411078E+01  9.197067E+01
615 440 -1.441091E+01  9.557693E+01
620 440 -1.464086E+01  9.950317E+01
625 440 -1.485247E+01  1.038304E+02
630 440 -1.502959E+01  1.078020E+02
635 440 -1.519739E+01  1.118147E+02
640 440 -1.533197E+01  1.158975E+02
645 440 -1.540730E+01  1.199638E+02
650 440 -1.541874E+01  1.237170E+02
655 440 -1.547377E+01  1.274579E+02
660 440 -1.546867E+01  1.310861E+02
665 440 -1.540220E+01  1.347418E+02
670 440 -1.536178E+01  1.375818E+02
675 440 -1.536490E+01  1.407047E+02
680 440 -1.528820E+01  1.431381E+02
685 440 -1.517194E+01  1.457474E+02
690 440 -1.511346E+01  1.478691E+02
695 440 -1.503340E+01  1.500691E+02
700 440 -1.493313E+01  1.522032E+02
705 440 -1.487452E+01  1.535490E+02
710 440 -1.477310E+01  1.551709E+02
