710 440 -1.475367E+01  1.561665E+02
710 445 -1.487884E+01  1.566980E+02
710 450 -1.485449E+01  1.579079E+02
710 455 -1.495619E+01  1.587263E+02
710 460 -1.494957E+01  1.597165E+02
710 465 -1.501834E+01  1.610747E+02
710 470 -1.501195E+01  1.618726E+02
710 475 -1.512954E+01  1.631044E+02
710 480 -1.517658E+01  1.647592E+02
710 485 -1.518071E+01  1.664992E+02
710 490 -1.525811E+01  1.681306E+02
710 495 -1.524846E+01  1.697292E+02
710 500 -1.533087E+01  1.717699E+02
710 505 -1.536573E+01  1.743860E+02
710 510 -1.542958E+01  1.764363E+02
710 515 -1.539821E+01  1.789398E+02
710 520 -1.542586E+01 -1.781296E+02
710 525 -1.544088E+01 -1.754846E+02
710 530 -1.540689E+01 -1.726323E+02
710 535 -1.535530E+01 -1.696207E+02
710 540 -1.536849E+01 -1.661655E+02
710 545 -1.527414E+01 -1.629918E+02
710 550 -1.517616E+01 -1.595297E+02
710 555 -1.501765E+01 -1.562311E+02
710 560 -1.489165E+01 -1.527223E+02
710 565 -1.471380E+01 -1.492850E+02
710 570 -1.451964E+01 -1.460811E+02
710 575 -1.431289E+01 -1.424927E+02
710 580 -1.407077E+01 -1.392517E+02
710 585 -1.387138E+01 -1.364337E+02
710 590 -1.363312E+01 -1.333067E+02
710 595 -1.336289E+01 -1.303555E+02
710 600 -1.309097E+01 -1.277353E+02
710 605 -1.281413E+01 -1.253197E+02
710 610 -1.263034E+01 -1.228409E+02
710 615 -1.235447E+01 -1.204198E+02
710 620 -1.212246E+01 -1.185246E+02
710 625 -1.188663E+01 -1.165155E+02
710 630 -1.165090E+01 -1.147385E+02
710 635 -1.145872E+01 -1.130713E+02
710 640 -1.122303E+01 -1.114110E+02
710 645 -1.104192E+01 -1.101228E+02
710 650 -1.085166E+01 -1.088416E+02
710 655 -1.069934E+01 -1.074806E+02
710 660 -1.053679E+01 -1.062762E+02
710 665 -1.038690E+01 -1.052449E+02
710 670 -1.025149E+01 -1.041888E+02
710 675 -1.012072E+01 -1.032770E+02
710 680 -9.995504E+00 -1.024942E+02
710 685 -9.873596E+00 -1.018213E+02
710 690 -9.779480E+00 -1.008408E+02
710 695 -9.670616E+00 -1.004700E+02
710 700 -9.571814E+00 -9.970367E+01
710 705 -9.477098E+00 -9.931503E+01
710 710 -9.408060E+00 -9.864212E+01
