350 350 -7.248449E+00  4.169586E+01
355 350 -7.306142E+00  4.176041E+01
360 350 -7.251987E+00  4.203094E+01
365 350 -7.274173E+00  4.168213E+01
370 350 -7.229617E+00  4.192657E+01
375 350 -7.251022E+00  4.191284E+01
380 350 -7.286069E+00  4.206665E+01
385 350 -7.302835E+00  4.210785E+01
390 350 -7.314961E+00  4.209686E+01
395 350 -7.293373E+00  4.245117E+01
400 350 -7.331360E+00  4.256378E+01
405 350 -7.361032E+00  4.284943E+01
410 350 -7.395069E+00  4.258713E+01
415 350 -7.426764E+00  4.288239E+01
420 350 -7.443622E+00  4.315704E+01
425 350 -7.473478E+00  4.329575E+01
430 350 -7.467323E+00  4.351273E+01
435 350 -7.513440E+00  4.360886E+01
440 350 -7.564381E+00  4.389450E+01
445 350 -7.599381E+00  4.441223E+01
450 350 -7.670809E+00  4.463058E+01
455 350 -7.699930E+00  4.475006E+01
460 350 -7.760242E+00  4.524307E+01
465 350 -7.812284E+00  4.555206E+01
470 350 -7.904472E+00  4.608490E+01
475 350 -7.962119E+00  4.637329E+01
480 350 -8.034649E+00  4.702148E+01
485 350 -8.107084E+00  4.753098E+01
490 350 -8.195461E+00  4.803497E+01
495 350 -8.312132E+00  4.869278E+01
500 350 -8.420628E+00  4.948105E+01
505 350 -8.509096E+00  5.020065E+01
510 350 -8.668852E+00  5.113312E+01
515 350 -8.795996E+00  5.202576E+01
520 350 -8.946705E+00  5.286621E+01
525 350 -9.092497E+00  5.400192E+01
530 350 -9.249819E+00  5.510330E+01
535 350 -9.434519E+00  5.643814E+01
540 350 -9.645308E+00  5.777161E+01
545 350 -9.850861E+00  5.933304E+01
550 350 -1.007782E+01  6.093018E+01
555 350 -1.031093E+01  6.260422E+01
560 350 -1.055374E+01  6.442932E+01
565 350 -1.079309E+01  6.634094E+01
570 350 -1.107508E+01  6.849564E+01
575 350 -1.134177E+01  7.081787E+01
580 350 -1.158843E+01  7.291489E+01
585 350 -1.190620E+01  7.560379E+01
590 350 -1.219301E+01  7.853577E+01
595 350 -1.245401E+01  8.146912E+01
600 350 -1.273199E+01  8.454666E+01
605 350 -1.303690E+01  8.771896E+01
610 350 -1.330479E+01  9.101898E+01
615 350 -1.356119E+01  9.452225E+01
620 350 -1.385011E+01  9.797607E+01
625 350 -1.398368E+01  1.016592E+02
630 350 -1.422966E+01  1.054564E+02
635 350 -1.435478E+01  1.092439E+02
640 350 -1.448633E+01  1.125536E+02
645 350 -1.457733E+01  1.164949E+02
650 350 -1.469887E+01  1.198567E+02
655 350 -1.475652E+01  1.232405E+02
660 350 -1.479813E+01  1.265968E+02
665 350 -1.484870E+01  1.295769E+02
670 350 -1.477990E+01  1.325308E+02
675 350 -1.481848E+01  1.353131E+02
680 350 -1.471614E+01  1.382643E+02
685 350 -1.471545E+01  1.404369E+02
690 350 -1.467829E+01  1.426822E+02
695 350 -1.463038E+01  1.450772E+02
700 350 -1.456327E+01  1.466743E+02
705 350 -1.449355E+01  1.487988E+02
710 350 -1.447811E+01  1.500540E+02
715 350 -1.442074E+01  1.514026E+02
720 350 -1.436305E+01  1.529104E+02
725 350 -1.430600E+01  1.541354E+02
730 350 -1.423108E+01  1.553439E+02
735 350 -1.419209E+01  1.561624E+02
740 350 -1.421868E+01  1.570743E+02
745 350 -1.412961E+01  1.581509E+02
750 350 -1.405272E+01  1.589900E+02
755 350 -1.408106E+01  1.593580E+02
760 350 -1.409020E+01  1.602191E+02
765 350 -1.396605E+01  1.607176E+02
770 350 -1.392011E+01  1.611475E+02
775 350 -1.391102E+01  1.618286E+02
780 350 -1.392990E+01  1.627322E+02
785 350 -1.389981E+01  1.628366E+02
790 350 -1.390243E+01  1.633736E+02
795 350 -1.383013E+01  1.636894E+02
800 350 -1.381672E+01  1.640053E+02
