800 350 -1.384487E+01  1.636125E+02
800 355 -1.385741E+01  1.640684E+02
800 360 -1.385227E+01  1.642154E+02
800 365 -1.387565E+01  1.645985E+02
800 370 -1.386798E+01  1.647015E+02
800 375 -1.381855E+01  1.647015E+02
800 380 -1.386674E+01  1.650833E+02
800 385 -1.389512E+01  1.653882E+02
800 390 -1.390390E+01  1.656986E+02
800 395 -1.387225E+01  1.657919E+02
800 400 -1.390730E+01  1.661270E+02
800 405 -1.390891E+01  1.663852E+02
800 410 -1.391533E+01  1.669263E+02
800 415 -1.392503E+01  1.672737E+02
800 420 -1.394735E+01  1.679754E+02
800 425 -1.392071E+01  1.681540E+02
800 430 -1.394317E+01  1.687390E+02
800 435 -1.395070E+01  1.693474E+02
800 440 -1.393302E+01  1.702922E+02
800 445 -1.399834E+01  1.709514E+02
800 450 -1.395447E+01  1.714252E+02
800 455 -1.393931E+01  1.726694E+02
800 460 -1.400840E+01  1.730621E+02
800 465 -1.396485E+01  1.743544E+02
800 470 -1.400532E+01  1.753912E+02
800 475 -1.397578E+01  1.766340E+02
800 480 -1.396876E+01  1.777849E+02
800 485 -1.397188E+01  1.791183E+02
800 490 -1.397565E+01 -1.792035E+02
800 495 -1.394606E+01 -1.775830E+02
800 500 -1.397064E+01 -1.759090E+02
800 505 -1.390596E+01 -1.742638E+02
800 510 -1.388245E+01 -1.722395E+02
800 515 -1.384032E+01 -1.702675E+02
800 520 -1.380978E+01 -1.681306E+02
800 525 -1.377299E+01 -1.658826E+02
800 530 -1.366693E+01 -1.634422E+02
800 535 -1.357708E+01 -1.610417E+02
800 540 -1.345880E+01 -1.584050E+02
800 545 -1.338186E+01 -1.560951E+02
800 550 -1.328719E+01 -1.533458E+02
800 555 -1.312096E+01 -1.505896E+02
800 560 -1.296887E+01 -1.480215E+02
800 565 -1.280200E+01 -1.454095E+02
800 570 -1.263558E+01 -1.427193E+02
800 575 -1.244730E+01 -1.400592E+02
800 580 -1.227009E+01 -1.376504E+02
800 585 -1.205636E+01 -1.352142E+02
800 590 -1.183409E+01 -1.326379E+02
800 595 -1.166432E+01 -1.303912E+02
800 600 -1.144411E+01 -1.282201E+02
800 605 -1.124380E+01 -1.261931E+02
800 610 -1.103512E+01 -1.241826E+02
800 615 -1.085345E+01 -1.222298E+02
800 620 -1.066669E+01 -1.204253E+02
800 625 -1.045273E+01 -1.187430E+02
800 630 -1.029876E+01 -1.171486E+02
800 635 -1.012228E+01 -1.156943E+02
800 640 -9.966246E+00 -1.143375E+02
800 645 -9.810484E+00 -1.129697E+02
800 650 -9.664278E+00 -1.117035E+02
800 655 -9.521194E+00 -1.106488E+02
800 660 -9.385508E+00 -1.095131E+02
800 665 -9.267780E+00 -1.086163E+02
800 670 -9.156345E+00 -1.077580E+02
800 675 -9.041466E+00 -1.067706E+02
800 680 -8.941835E+00 -1.061650E+02
800 685 -8.881157E+00 -1.052834E+02
800 690 -8.783411E+00 -1.046695E+02
800 695 -8.697102E+00 -1.040515E+02
800 700 -8.606520E+00 -1.034761E+02
800 705 -8.516813E+00 -1.029666E+02
800 710 -8.475334E+00 -1.022690E+02
800 715 -8.425129E+00 -1.020067E+02
800 720 -8.321640E+00 -1.016524E+02
800 725 -8.276121E+00 -1.011745E+02
800 730 -8.239880E+00 -1.007748E+02
800 735 -8.204924E+00 -1.003835E+02
800 740 -8.148563E+00 -1.002145E+02
800 745 -8.101023E+00 -9.997421E+01
800 750 -8.091835E+00 -9.956772E+01
800 755 -8.035751E+00 -9.924774E+01
800 760 -8.002863E+00 -9.906647E+01
800 765 -7.985637E+00 -9.892914E+01
800 770 -7.960098E+00 -9.862564E+01
800 775 -7.928266E+00 -9.841003E+01
800 780 -7.909112E+00 -9.815872E+01
800 785 -7.876637E+00 -9.802002E+01
800 790 -7.816923E+00 -9.793213E+01
800 795 -7.822021E+00 -9.769318E+01
800 800 -7.826570E+00 -9.749954E+01
