800 800 -7.812697E+00 -9.759979E+01
795 800 -7.833919E+00 -9.755997E+01
790 800 -7.845172E+00 -9.731689E+01
785 800 -7.901670E+00 -9.725647E+01
780 800 -7.923810E+00 -9.726608E+01
775 800 -7.950360E+00 -9.715622E+01
770 800 -7.959087E+00 -9.702026E+01
765 800 -8.017284E+00 -9.688431E+01
760 800 -8.050955E+00 -9.684586E+01
755 800 -8.069098E+00 -9.662201E+01
750 800 -8.135334E+00 -9.639816E+01
745 800 -8.177593E+00 -9.609467E+01
740 800 -8.255358E+00 -9.599854E+01
735 800 -8.321089E+00 -9.568542E+01
730 800 -8.357330E+00 -9.549316E+01
725 800 -8.450668E+00 -9.507843E+01
720 800 -8.507442E+00 -9.453323E+01
715 800 -8.590260E+00 -9.399902E+01
710 800 -8.640741E+00 -9.375183E+01
705 800 -8.775465E+00 -9.323822E+01
700 800 -8.890528E+00 -9.251175E+01
695 800 -8.969946E+00 -9.203522E+01
690 800 -9.094473E+00 -9.123047E+01
685 800 -9.245777E+00 -9.030899E+01
680 800 -9.350874E+00 -8.914856E+01
675 800 -9.513477E+00 -8.829849E+01
670 800 -9.613981E+00 -8.718613E+01
665 800 -9.761198E+00 -8.598587E+01
660 800 -9.923021E+00 -8.451096E+01
655 800 -1.005940E+01 -8.287262E+01
650 800 -1.019623E+01 -8.107498E+01
645 800 -1.034878E+01 -7.921417E+01
640 800 -1.048442E+01 -7.711578E+01
635 800 -1.057096E+01 -7.517670E+01
630 800 -1.072231E+01 -7.254959E+01
625 800 -1.078611E+01 -7.006531E+01
620 800 -1.083797E+01 -6.770050E+01
615 800 -1.089644E+01 -6.494568E+01
610 800 -1.088097E+01 -6.207962E+01
605 800 -1.089203E+01 -5.933716E+01
600 800 -1.084991E+01 -5.643677E+01
595 800 -1.075226E+01 -5.380417E+01
590 800 -1.060913E+01 -5.124023E+01
585 800 -1.050091E+01 -4.835083E+01
580 800 -1.033638E+01 -4.606018E+01
575 800 -1.020538E+01 -4.389862E+01
570 800 -9.958849E+00 -4.142258E+01
565 800 -9.810806E+00 -3.924866E+01
560 800 -9.598776E+00 -3.770645E+01
555 800 -9.374620E+00 -3.615189E+01
550 800 -9.201176E+00 -3.462616E+01
545 800 -9.027960E+00 -3.321304E+01
540 800 -8.819561E+00 -3.225861E+01
535 800 -8.625399E+00 -3.087296E+01
530 800 -8.490492E+00 -2.975510E+01
525 800 -8.302624E+00 -2.906433E+01
520 800 -8.104650E+00 -2.833099E+01
515 800 -7.945996E+00 -2.752213E+01
510 800 -7.838144E+00 -2.746582E+01
505 800 -7.716329E+00 -2.659241E+01
500 800 -7.616055E+00 -2.577393E+01
495 800 -7.418128E+00 -2.517105E+01
490 800 -7.332921E+00 -2.513809E+01
485 800 -7.255845E+00 -2.477966E+01
480 800 -7.172200E+00 -2.428802E+01
475 800 -7.065956E+00 -2.384033E+01
470 800 -7.016301E+00 -2.411362E+01
465 800 -6.947355E+00 -2.368103E+01
460 800 -6.868350E+00 -2.343109E+01
455 800 -6.816399E+00 -2.333633E+01
450 800 -6.760957E+00 -2.293808E+01
445 800 -6.694216E+00 -2.325531E+01
440 800 -6.680022E+00 -2.296829E+01
435 800 -6.657790E+00 -2.287354E+01
430 800 -6.537995E+00 -2.290512E+01
425 800 -6.554899E+00 -2.251373E+01
420 800 -6.521551E+00 -2.251923E+01
415 800 -6.460230E+00 -2.217865E+01
410 800 -6.445439E+00 -2.232422E+01
405 800 -6.382327E+00 -2.240799E+01
400 800 -6.411678E+00 -2.225418E+01
395 800 -6.401573E+00 -2.212372E+01
390 800 -6.390090E+00 -2.184494E+01
385 800 -6.387839E+00 -2.189301E+01
380 800 -6.298912E+00 -2.212509E+01
375 800 -6.320133E+00 -2.230362E+01
370 800 -6.311084E+00 -2.224869E+01
365 800 -6.286188E+00 -2.194519E+01
360 800 -6.287475E+00 -2.198914E+01
355 800 -6.308190E+00 -2.206604E+01
350 800 -6.263910E+00 -2.164581E+01
