350 800 -6.270479E+00 -2.203033E+01
350 795 -6.298498E+00 -2.160736E+01
350 790 -6.295145E+00 -2.200287E+01
350 785 -6.384486E+00 -2.165817E+01
350 780 -6.375851E+00 -2.203857E+01
350 775 -6.399874E+00 -2.146179E+01
350 770 -6.440020E+00 -2.135056E+01
350 765 -6.442683E+00 -2.130249E+01
350 760 -6.469968E+00 -2.091797E+01
350 755 -6.484713E+00 -2.100449E+01
350 750 -6.582414E+00 -2.061859E+01
350 745 -6.498539E+00 -2.088638E+01
350 740 -6.611673E+00 -2.021759E+01
350 735 -6.645159E+00 -2.014618E+01
350 730 -6.701473E+00 -1.993057E+01
350 725 -6.740884E+00 -1.995804E+01
350 720 -6.828020E+00 -1.942245E+01
350 715 -6.892740E+00 -1.911209E+01
350 710 -6.913456E+00 -1.870285E+01
350 705 -7.019930E+00 -1.814804E+01
350 700 -7.003578E+00 -1.842957E+01
350 695 -7.147855E+00 -1.791733E+01
350 690 -7.206558E+00 -1.766464E+01
350 685 -7.282349E+00 -1.701096E+01
350 680 -7.408483E+00 -1.629547E+01
350 675 -7.449960E+00 -1.592743E+01
350 670 -7.550371E+00 -1.507050E+01
350 665 -7.634475E+00 -1.432205E+01
350 660 -7.744349E+00 -1.369720E+01
350 655 -7.895700E+00 -1.258484E+01
350 650 -7.994272E+00 -1.190781E+01
350 645 -8.136713E+00 -1.091354E+01
350 640 -8.265419E+00 -9.787445E+00
350 635 -8.364267E+00 -8.551483E+00
350 630 -8.499220E+00 -7.013397E+00
350 625 -8.588423E+00 -5.929871E+00
350 620 -8.738258E+00 -4.486542E+00
350 615 -8.807848E+00 -2.948456E+00
350 610 -8.952675E+00 -1.152191E+00
350 605 -9.042934E+00  6.385803E-01
350 600 -9.113398E+00  2.478790E+00
350 595 -9.208893E+00  4.295654E+00
350 590 -9.278345E+00  6.453094E+00
350 585 -9.310223E+00  8.319397E+00
350 580 -9.344948E+00  1.025024E+01
350 575 -9.331167E+00  1.238022E+01
350 570 -9.347567E+00  1.458435E+01
350 565 -9.335899E+00  1.647125E+01
350 560 -9.266953E+00  1.812744E+01
350 555 -9.240173E+00  2.028488E+01
350 550 -9.152992E+00  2.180511E+01
350 545 -9.118679E+00  2.359314E+01
350 540 -9.044268E+00  2.521774E+01
350 535 -8.899622E+00  2.661163E+01
350 530 -8.801830E+00  2.788330E+01
350 525 -8.720299E+00  2.921814E+01
350 520 -8.633898E+00  3.056534E+01
350 515 -8.565731E+00  3.138931E+01
350 510 -8.432203E+00  3.256348E+01
350 505 -8.347502E+00  3.343002E+01
350 500 -8.300465E+00  3.415649E+01
350 495 -8.208599E+00  3.512192E+01
350 490 -8.133865E+00  3.572205E+01
350 485 -8.045763E+00  3.641006E+01
350 480 -7.941586E+00  3.701157E+01
350 475 -7.930884E+00  3.732605E+01
350 470 -7.849490E+00  3.769958E+01
350 465 -7.793727E+00  3.845627E+01
350 460 -7.707417E+00  3.861008E+01
350 455 -7.706912E+00  3.913330E+01
350 450 -7.657350E+00  3.922119E+01
350 445 -7.595524E+00  3.937225E+01
350 440 -7.547339E+00  3.955490E+01
350 435 -7.529655E+00  3.991745E+01
350 430 -7.496123E+00  4.027039E+01
350 425 -7.468242E+00  4.048737E+01
350 420 -7.431265E+00  4.086502E+01
350 415 -7.396080E+00  4.072083E+01
350 410 -7.395299E+00  4.074829E+01
350 405 -7.385240E+00  4.101471E+01
350 400 -7.343440E+00  4.119736E+01
350 395 -7.319003E+00  4.126740E+01
350 390 -7.320290E+00  4.148987E+01
350 385 -7.330395E+00  4.143768E+01
350 380 -7.266869E+00  4.149811E+01
350 375 -7.275597E+00  4.152832E+01
350 370 -7.245142E+00  4.153244E+01
350 365 -7.262827E+00  4.172333E+01
350 360 -7.273529E+00  4.172607E+01
350 355 -7.250838E+00  4.199249E+01
350 350 -7.211473E+00  4.177551E+01
