445 705 -7.439671E+00 -2.031509E+01
445 700 -7.518080E+00 -1.961884E+01
445 695 -7.593962E+00 -1.933868E+01
445 690 -7.688723E+00 -1.879074E+01
445 685 -7.777741E+00 -1.838425E+01
445 680 -7.858860E+00 -1.776077E+01
445 675 -7.958399E+00 -1.686539E+01
445 670 -8.023899E+00 -1.648224E+01
445 665 -8.157429E+00 -1.575714E+01
445 660 -8.253061E+00 -1.510071E+01
445 655 -8.399176E+00 -1.417099E+01
445 650 -8.521818E+00 -1.326050E+01
445 645 -8.664213E+00 -1.228683E+01
445 640 -8.750385E+00 -1.099319E+01
445 635 -8.922911E+00 -9.665222E+00
445 630 -9.101730E+00 -8.205414E+00
445 625 -9.197777E+00 -6.907654E+00
445 620 -9.341963E+00 -5.125122E+00
445 615 -9.457714E+00 -3.716125E+00
445 610 -9.587017E+00 -1.709747E+00
445 605 -9.678839E+00 -1.098633E-02
445 600 -9.762484E+00  2.179413E+00
445 595 -9.860277E+00  4.233856E+00
445 590 -9.922424E+00  6.472321E+00
445 585 -9.963856E+00  8.554230E+00
445 580 -9.974237E+00  1.080780E+01
445 575 -1.000120E+01  1.311356E+01
445 570 -9.988752E+00  1.529709E+01
445 565 -9.944014E+00  1.725128E+01
445 560 -9.943232E+00  1.947052E+01
445 555 -9.866661E+00  2.146729E+01
445 550 -9.784578E+00  2.331985E+01
445 545 -9.667585E+00  2.528366E+01
445 540 -9.581919E+00  2.675446E+01
445 535 -9.479900E+00  2.833649E+01
445 530 -9.381971E+00  2.990341E+01
445 525 -9.272787E+00  3.118744E+01
445 520 -9.160570E+00  3.240692E+01
445 515 -9.070450E+00  3.353851E+01
445 510 -8.988916E+00  3.461655E+01
445 505 -8.859385E+00  3.556549E+01
445 500 -8.778910E+00  3.642517E+01
445 495 -8.679739E+00  3.714340E+01
445 490 -8.592556E+00  3.789871E+01
445 485 -8.458063E+00  3.857712E+01
445 480 -8.417643E+00  3.908112E+01
445 475 -8.360180E+00  3.959473E+01
445 470 -8.273825E+00  4.014267E+01
445 465 -8.248560E+00  4.053406E+01
445 460 -8.164778E+00  4.099823E+01
445 455 -8.109337E+00  4.135117E+01
445 450 -8.084900E+00  4.145554E+01
445 445 -8.009430E+00  4.191422E+01
