705 445 -1.495247E+01  1.552299E+02
705 450 -1.497539E+01  1.562956E+02
705 455 -1.504204E+01  1.571278E+02
705 460 -1.505357E+01  1.579463E+02
705 465 -1.513326E+01  1.593842E+02
705 470 -1.515136E+01  1.605336E+02
705 475 -1.518838E+01  1.617325E+02
705 480 -1.529279E+01  1.636661E+02
705 485 -1.534520E+01  1.646713E+02
705 490 -1.538819E+01  1.667258E+02
705 495 -1.545778E+01  1.686607E+02
705 500 -1.551428E+01  1.703471E+02
705 505 -1.556623E+01  1.726927E+02
705 510 -1.554124E+01  1.749463E+02
705 515 -1.559613E+01  1.777821E+02
705 520 -1.562737E+01 -1.798311E+02
705 525 -1.561947E+01 -1.767975E+02
705 530 -1.561823E+01 -1.739973E+02
705 535 -1.561864E+01 -1.707564E+02
705 540 -1.558180E+01 -1.670045E+02
705 545 -1.551786E+01 -1.640520E+02
705 550 -1.539412E+01 -1.605061E+02
705 555 -1.528232E+01 -1.568628E+02
705 560 -1.515889E+01 -1.531988E+02
705 565 -1.497222E+01 -1.497835E+02
705 570 -1.475904E+01 -1.461401E+02
705 575 -1.457636E+01 -1.427921E+02
705 580 -1.433158E+01 -1.392970E+02
705 585 -1.408295E+01 -1.362016E+02
705 590 -1.384469E+01 -1.331131E+02
705 595 -1.356100E+01 -1.302347E+02
705 600 -1.330883E+01 -1.274222E+02
705 605 -1.302983E+01 -1.248143E+02
705 610 -1.281720E+01 -1.224632E+02
705 615 -1.252350E+01 -1.201808E+02
705 620 -1.231326E+01 -1.180618E+02
705 625 -1.204281E+01 -1.161310E+02
705 630 -1.182858E+01 -1.141219E+02
705 635 -1.161071E+01 -1.125769E+02
705 640 -1.140709E+01 -1.110182E+02
705 645 -1.120112E+01 -1.095447E+02
705 650 -1.103108E+01 -1.080066E+02
705 655 -1.083636E+01 -1.068681E+02
705 660 -1.069245E+01 -1.057448E+02
705 665 -1.050279E+01 -1.046585E+02
705 670 -1.037413E+01 -1.036244E+02
705 675 -1.023367E+01 -1.027277E+02
705 680 -1.009858E+01 -1.018735E+02
705 685 -9.983791E+00 -1.011662E+02
705 690 -9.865513E+00 -1.004590E+02
705 695 -9.799965E+00 -9.974899E+01
705 700 -9.703367E+00 -9.912552E+01
705 705 -9.612648E+00 -9.856110E+01
