705 705 -9.601671E+00 -9.866409E+01
700 705 -9.726519E+00 -9.788406E+01
695 705 -9.838551E+00 -9.742950E+01
690 705 -9.989855E+00 -9.655197E+01
685 705 -1.013831E+01 -9.578705E+01
680 705 -1.028617E+01 -9.471863E+01
675 705 -1.044634E+01 -9.385071E+01
670 705 -1.063444E+01 -9.265594E+01
665 705 -1.079925E+01 -9.124695E+01
660 705 -1.099745E+01 -8.981323E+01
655 705 -1.119285E+01 -8.781372E+01
650 705 -1.138628E+01 -8.598862E+01
645 705 -1.152321E+01 -8.420609E+01
640 705 -1.172977E+01 -8.174377E+01
635 705 -1.191782E+01 -7.919632E+01
630 705 -1.205039E+01 -7.651566E+01
625 705 -1.217216E+01 -7.374985E+01
620 705 -1.227349E+01 -7.071487E+01
615 705 -1.236829E+01 -6.733383E+01
610 705 -1.239287E+01 -6.430573E+01
605 705 -1.240031E+01 -6.091095E+01
600 705 -1.229485E+01 -5.749832E+01
595 705 -1.221001E+01 -5.418732E+01
590 705 -1.207965E+01 -5.091614E+01
585 705 -1.192233E+01 -4.772186E+01
580 705 -1.173914E+01 -4.461548E+01
575 705 -1.150373E+01 -4.245117E+01
570 705 -1.130907E+01 -3.992020E+01
565 705 -1.105988E+01 -3.727936E+01
560 705 -1.077344E+01 -3.566986E+01
555 705 -1.058557E+01 -3.367310E+01
550 705 -1.036371E+01 -3.174500E+01
545 705 -1.014424E+01 -3.059143E+01
540 705 -9.806671E+00 -2.919891E+01
535 705 -9.663267E+00 -2.817444E+01
530 705 -9.405489E+00 -2.692749E+01
525 705 -9.236132E+00 -2.619553E+01
520 705 -9.022310E+00 -2.537018E+01
515 705 -8.863611E+00 -2.472336E+01
510 705 -8.696550E+00 -2.387054E+01
505 705 -8.539595E+00 -2.331985E+01
500 705 -8.372030E+00 -2.301498E+01
495 705 -8.279840E+00 -2.253845E+01
490 705 -8.128674E+00 -2.213058E+01
485 705 -8.056833E+00 -2.168976E+01
480 705 -7.940622E+00 -2.148376E+01
475 705 -7.830520E+00 -2.111572E+01
470 705 -7.742144E+00 -2.090698E+01
465 705 -7.707417E+00 -2.076553E+01
460 705 -7.616515E+00 -2.068588E+01
455 705 -7.547615E+00 -2.074219E+01
450 705 -7.460570E+00 -2.004593E+01
445 705 -7.404164E+00 -2.018463E+01
