445 445 -7.965794E+00  4.209412E+01
450 445 -8.023624E+00  4.234818E+01
455 445 -8.089264E+00  4.258301E+01
460 445 -8.133818E+00  4.310760E+01
465 445 -8.222332E+00  4.345642E+01
470 445 -8.284710E+00  4.385742E+01
475 445 -8.343918E+00  4.425293E+01
480 445 -8.453516E+00  4.468414E+01
485 445 -8.537712E+00  4.528427E+01
490 445 -8.619566E+00  4.602036E+01
495 445 -8.729485E+00  4.645020E+01
500 445 -8.854286E+00  4.724121E+01
505 445 -8.958418E+00  4.807068E+01
510 445 -9.118174E+00  4.893448E+01
515 445 -9.253632E+00  4.987930E+01
520 445 -9.379490E+00  5.085159E+01
525 445 -9.591795E+00  5.194061E+01
530 445 -9.774427E+00  5.319031E+01
535 445 -9.995504E+00  5.465012E+01
540 445 -1.020014E+01  5.591217E+01
545 445 -1.041396E+01  5.753128E+01
550 445 -1.065727E+01  5.901443E+01
555 445 -1.090113E+01  6.081482E+01
560 445 -1.116653E+01  6.281296E+01
565 445 -1.144829E+01  6.496902E+01
570 445 -1.177272E+01  6.709488E+01
575 445 -1.204956E+01  6.971512E+01
580 445 -1.237688E+01  7.212112E+01
585 445 -1.269208E+01  7.493912E+01
590 445 -1.303410E+01  7.816772E+01
595 445 -1.333873E+01  8.125351E+01
600 445 -1.362967E+01  8.452332E+01
605 445 -1.398065E+01  8.826416E+01
610 445 -1.423595E+01  9.207367E+01
615 445 -1.448914E+01  9.585571E+01
620 445 -1.476272E+01  9.979431E+01
625 445 -1.494255E+01  1.036244E+02
630 445 -1.515196E+01  1.080670E+02
635 445 -1.530533E+01  1.121732E+02
640 445 -1.543165E+01  1.165594E+02
645 445 -1.552048E+01  1.205296E+02
650 445 -1.556302E+01  1.242677E+02
655 445 -1.552664E+01  1.281624E+02
660 445 -1.552039E+01  1.316835E+02
665 445 -1.550124E+01  1.353227E+02
670 445 -1.543771E+01  1.379306E+02
675 445 -1.542145E+01  1.413048E+02
680 445 -1.531755E+01  1.442340E+02
685 445 -1.525196E+01  1.464972E+02
690 445 -1.517015E+01  1.486986E+02
695 445 -1.502817E+01  1.509494E+02
700 445 -1.496165E+01  1.529050E+02
705 445 -1.491545E+01  1.546367E+02
