700 700 -9.799873E+00 -9.845123E+01
695 700 -9.948698E+00 -9.774399E+01
690 700 -1.007731E+01 -9.708206E+01
685 700 -1.023036E+01 -9.627457E+01
680 700 -1.038103E+01 -9.520889E+01
675 700 -1.057941E+01 -9.408279E+01
670 700 -1.072971E+01 -9.302261E+01
665 700 -1.093678E+01 -9.169189E+01
660 700 -1.109107E+01 -9.012222E+01
655 700 -1.129106E+01 -8.851822E+01
650 700 -1.150635E+01 -8.648849E+01
645 700 -1.168287E+01 -8.465378E+01
640 700 -1.186886E+01 -8.211319E+01
635 700 -1.206123E+01 -7.966324E+01
630 700 -1.224537E+01 -7.708420E+01
625 700 -1.235176E+01 -7.385284E+01
620 700 -1.244165E+01 -7.075058E+01
615 700 -1.252511E+01 -6.748764E+01
610 700 -1.255207E+01 -6.433594E+01
605 700 -1.251794E+01 -6.087112E+01
600 700 -1.246025E+01 -5.722229E+01
595 700 -1.237551E+01 -5.416809E+01
590 700 -1.222663E+01 -5.087219E+01
585 700 -1.207680E+01 -4.773560E+01
580 700 -1.191723E+01 -4.454269E+01
575 700 -1.170763E+01 -4.200623E+01
570 700 -1.143359E+01 -3.967712E+01
565 700 -1.120925E+01 -3.732193E+01
560 700 -1.093213E+01 -3.527435E+01
555 700 -1.072429E+01 -3.313065E+01
550 700 -1.047804E+01 -3.170380E+01
545 700 -1.022549E+01 -3.007370E+01
540 700 -9.971849E+00 -2.879791E+01
535 700 -9.726519E+00 -2.769379E+01
530 700 -9.477190E+00 -2.688354E+01
525 700 -9.348438E+00 -2.585770E+01
520 700 -9.123686E+00 -2.469177E+01
515 700 -8.984232E+00 -2.439102E+01
510 700 -8.801645E+00 -2.349564E+01
505 700 -8.666464E+00 -2.290787E+01
500 700 -8.489620E+00 -2.246567E+01
495 700 -8.359444E+00 -2.203033E+01
490 700 -8.220633E+00 -2.172546E+01
485 700 -8.147644E+00 -2.132172E+01
480 700 -8.030651E+00 -2.113358E+01
475 700 -7.949258E+00 -2.115280E+01
470 700 -7.788123E+00 -2.039886E+01
465 700 -7.780543E+00 -2.033432E+01
460 700 -7.656891E+00 -1.991821E+01
455 700 -7.573797E+00 -2.004318E+01
450 700 -7.554229E+00 -2.029587E+01
