450 450 -8.046499E+00  4.187164E+01
455 450 -8.140709E+00  4.255966E+01
460 450 -8.183748E+00  4.277527E+01
465 450 -8.259079E+00  4.298401E+01
470 450 -8.323616E+00  4.362396E+01
475 450 -8.387463E+00  4.395767E+01
480 450 -8.486359E+00  4.447678E+01
485 450 -8.564445E+00  4.514694E+01
490 450 -8.667980E+00  4.580200E+01
495 450 -8.779736E+00  4.650513E+01
500 450 -8.877529E+00  4.709290E+01
505 450 -9.018682E+00  4.794983E+01
510 450 -9.149685E+00  4.874634E+01
515 450 -9.293869E+00  4.962936E+01
520 450 -9.475262E+00  5.071701E+01
525 450 -9.670570E+00  5.190353E+01
530 450 -9.803963E+00  5.306946E+01
535 450 -1.000947E+01  5.431091E+01
540 450 -1.025526E+01  5.572815E+01
545 450 -1.048079E+01  5.724289E+01
550 450 -1.071432E+01  5.886749E+01
555 450 -1.099249E+01  6.075165E+01
560 450 -1.124504E+01  6.266052E+01
565 450 -1.153524E+01  6.473145E+01
570 450 -1.184222E+01  6.705231E+01
575 450 -1.216040E+01  6.957916E+01
580 450 -1.247858E+01  7.206619E+01
585 450 -1.277949E+01  7.496933E+01
590 450 -1.308715E+01  7.812103E+01
595 450 -1.342343E+01  8.126312E+01
600 450 -1.372811E+01  8.461533E+01
605 450 -1.405653E+01  8.834793E+01
610 450 -1.436456E+01  9.219315E+01
615 450 -1.461100E+01  9.596970E+01
620 450 -1.486092E+01  1.000237E+02
625 450 -1.508379E+01  1.043468E+02
630 450 -1.526532E+01  1.084666E+02
635 450 -1.541727E+01  1.127609E+02
640 450 -1.552673E+01  1.170099E+02
645 450 -1.561832E+01  1.210831E+02
650 450 -1.562811E+01  1.250615E+02
655 450 -1.561515E+01  1.288751E+02
660 450 -1.559641E+01  1.325294E+02
665 450 -1.557680E+01  1.359984E+02
670 450 -1.551332E+01  1.391569E+02
675 450 -1.546816E+01  1.419777E+02
680 450 -1.541451E+01  1.448231E+02
685 450 -1.531392E+01  1.476823E+02
690 450 -1.522991E+01  1.494388E+02
695 450 -1.509835E+01  1.515935E+02
700 450 -1.503960E+01  1.535641E+02
