700 450 -1.505545E+01  1.545254E+02
700 455 -1.512835E+01  1.555746E+02
700 460 -1.513368E+01  1.564961E+02
700 465 -1.521199E+01  1.573709E+02
700 470 -1.532802E+01  1.589886E+02
700 475 -1.536546E+01  1.601958E+02
700 480 -1.536789E+01  1.615031E+02
700 485 -1.544419E+01  1.628187E+02
700 490 -1.554846E+01  1.649350E+02
700 495 -1.558755E+01  1.670773E+02
700 500 -1.562774E+01  1.689340E+02
700 505 -1.570826E+01  1.708470E+02
700 510 -1.580155E+01  1.734741E+02
700 515 -1.582397E+01  1.762207E+02
700 520 -1.586512E+01  1.790991E+02
700 525 -1.582883E+01 -1.783342E+02
700 530 -1.584964E+01 -1.751756E+02
700 535 -1.587665E+01 -1.718921E+02
700 540 -1.583797E+01 -1.686429E+02
700 545 -1.575364E+01 -1.648883E+02
700 550 -1.568304E+01 -1.611818E+02
700 555 -1.554786E+01 -1.574821E+02
700 560 -1.542168E+01 -1.538333E+02
700 565 -1.526440E+01 -1.500513E+02
700 570 -1.505086E+01 -1.465054E+02
700 575 -1.485555E+01 -1.430200E+02
700 580 -1.460769E+01 -1.394096E+02
700 585 -1.435106E+01 -1.362263E+02
700 590 -1.407142E+01 -1.330911E+02
700 595 -1.383656E+01 -1.299943E+02
700 600 -1.356679E+01 -1.273659E+02
700 605 -1.327305E+01 -1.244174E+02
700 610 -1.305050E+01 -1.221487E+02
700 615 -1.277761E+01 -1.198210E+02
700 620 -1.250784E+01 -1.175839E+02
700 625 -1.225360E+01 -1.156215E+02
700 630 -1.200528E+01 -1.136577E+02
700 635 -1.175719E+01 -1.119644E+02
700 640 -1.159661E+01 -1.103906E+02
700 645 -1.135082E+01 -1.087701E+02
700 650 -1.115638E+01 -1.075163E+02
700 655 -1.096016E+01 -1.062872E+02
700 660 -1.081473E+01 -1.050444E+02
700 665 -1.066623E+01 -1.041147E+02
700 670 -1.052034E+01 -1.030394E+02
700 675 -1.038920E+01 -1.020163E+02
700 680 -1.023238E+01 -1.012816E+02
700 685 -1.012701E+01 -1.005084E+02
700 690 -1.000318E+01 -9.980118E+01
700 695 -9.897528E+00 -9.920792E+01
700 700 -9.839331E+00 -9.839630E+01
