450 700 -7.541460E+00 -1.983444E+01
450 695 -7.607007E+00 -1.958725E+01
450 690 -7.783989E+00 -1.898849E+01
450 685 -7.765294E+00 -1.866714E+01
450 680 -7.854359E+00 -1.792282E+01
450 675 -7.965288E+00 -1.731445E+01
450 670 -8.115812E+00 -1.666351E+01
450 665 -8.213055E+00 -1.567200E+01
450 660 -8.349844E+00 -1.507050E+01
450 655 -8.452000E+00 -1.441269E+01
450 650 -8.614513E+00 -1.304764E+01
450 645 -8.749649E+00 -1.224426E+01
450 640 -8.813635E+00 -1.110168E+01
450 635 -8.972979E+00 -9.703674E+00
450 630 -9.122538E+00 -8.405914E+00
450 625 -9.284637E+00 -6.735992E+00
450 620 -9.376688E+00 -5.483551E+00
450 615 -9.520138E+00 -3.489532E+00
450 610 -9.622250E+00 -1.809998E+00
450 605 -9.746178E+00 -1.785278E-02
450 600 -9.843052E+00  2.378540E+00
450 595 -9.966751E+00  4.342346E+00
450 590 -1.000240E+01  6.487427E+00
450 585 -1.006381E+01  8.702545E+00
450 580 -1.007759E+01  1.105225E+01
450 575 -1.002233E+01  1.324265E+01
450 570 -1.004801E+01  1.544266E+01
450 565 -1.003276E+01  1.745178E+01
450 560 -9.976074E+00  1.981110E+01
450 555 -9.899778E+00  2.174469E+01
450 550 -9.802124E+00  2.361649E+01
450 545 -9.753986E+00  2.536743E+01
450 540 -9.644022E+00  2.706345E+01
450 535 -9.572411E+00  2.861801E+01
450 530 -9.455463E+00  3.032501E+01
450 525 -9.324783E+00  3.155273E+01
450 520 -9.243849E+00  3.282990E+01
450 515 -9.155609E+00  3.392853E+01
450 510 -9.019554E+00  3.483078E+01
450 505 -8.923462E+00  3.611069E+01
450 500 -8.839680E+00  3.671082E+01
450 495 -8.743586E+00  3.744003E+01
450 490 -8.611389E+00  3.822968E+01
450 485 -8.578501E+00  3.886139E+01
450 480 -8.476896E+00  3.943542E+01
450 475 -8.394400E+00  3.999847E+01
450 470 -8.362843E+00  4.035828E+01
450 465 -8.297205E+00  4.088699E+01
450 460 -8.206806E+00  4.114243E+01
450 455 -8.174240E+00  4.157501E+01
450 450 -8.096521E+00  4.181259E+01
