695 695 -1.006027E+01 -9.836472E+01
690 695 -1.018089E+01 -9.761765E+01
685 695 -1.034051E+01 -9.672226E+01
680 695 -1.050298E+01 -9.580627E+01
675 695 -1.066995E+01 -9.482712E+01
670 695 -1.084123E+01 -9.346481E+01
665 695 -1.102001E+01 -9.232224E+01
660 695 -1.127338E+01 -9.068802E+01
655 695 -1.142836E+01 -8.895081E+01
650 695 -1.166895E+01 -8.704742E+01
645 695 -1.183941E+01 -8.483368E+01
640 695 -1.201805E+01 -8.266525E+01
635 695 -1.220192E+01 -8.018784E+01
630 695 -1.237826E+01 -7.747009E+01
625 695 -1.251073E+01 -7.407669E+01
620 695 -1.262152E+01 -7.116669E+01
615 695 -1.269750E+01 -6.767990E+01
610 695 -1.270554E+01 -6.436203E+01
605 695 -1.268997E+01 -6.071732E+01
600 695 -1.265905E+01 -5.713989E+01
595 695 -1.255713E+01 -5.411041E+01
590 695 -1.246425E+01 -5.053986E+01
585 695 -1.226122E+01 -4.739639E+01
580 695 -1.207064E+01 -4.454956E+01
575 695 -1.181750E+01 -4.174530E+01
570 695 -1.160557E+01 -3.907974E+01
565 695 -1.134715E+01 -3.669708E+01
560 695 -1.107361E+01 -3.466049E+01
555 695 -1.080867E+01 -3.296585E+01
550 695 -1.051905E+01 -3.119156E+01
545 695 -1.032600E+01 -2.974960E+01
540 695 -1.008259E+01 -2.810165E+01
535 695 -9.890455E+00 -2.706207E+01
530 695 -9.640484E+00 -2.613235E+01
525 695 -9.423817E+00 -2.531387E+01
520 695 -9.244169E+00 -2.440063E+01
515 695 -9.017809E+00 -2.377579E+01
510 695 -8.894386E+00 -2.305344E+01
505 695 -8.755529E+00 -2.243271E+01
500 695 -8.574965E+00 -2.187927E+01
495 695 -8.444283E+00 -2.149063E+01
490 695 -8.280851E+00 -2.114182E+01
485 695 -8.183474E+00 -2.086578E+01
480 695 -8.078651E+00 -2.062546E+01
475 695 -8.020317E+00 -1.977676E+01
470 695 -7.905391E+00 -2.000748E+01
465 695 -7.852062E+00 -1.959137E+01
460 695 -7.808472E+00 -1.954193E+01
455 695 -7.698369E+00 -1.947876E+01
