695 455 -1.522049E+01  1.537138E+02
695 460 -1.530317E+01  1.545254E+02
695 465 -1.536761E+01  1.557326E+02
695 470 -1.539417E+01  1.568202E+02
695 475 -1.545737E+01  1.581605E+02
695 480 -1.554745E+01  1.597357E+02
695 485 -1.557932E+01  1.614853E+02
695 490 -1.567831E+01  1.630659E+02
695 495 -1.582925E+01  1.646905E+02
695 500 -1.588735E+01  1.671831E+02
695 505 -1.589852E+01  1.693831E+02
695 510 -1.597045E+01  1.715845E+02
695 515 -1.602157E+01  1.742569E+02
695 520 -1.610893E+01  1.772507E+02
695 525 -1.611991E+01 -1.795084E+02
695 530 -1.612304E+01 -1.765407E+02
695 535 -1.612965E+01 -1.733423E+02
695 540 -1.609451E+01 -1.695822E+02
695 545 -1.607467E+01 -1.656903E+02
695 550 -1.598289E+01 -1.621458E+02
695 555 -1.586627E+01 -1.583830E+02
695 560 -1.573495E+01 -1.543648E+02
695 565 -1.555838E+01 -1.506418E+02
695 570 -1.533973E+01 -1.467032E+02
695 575 -1.513276E+01 -1.430640E+02
695 580 -1.489110E+01 -1.396816E+02
695 585 -1.462648E+01 -1.361893E+02
695 590 -1.436934E+01 -1.330074E+02
695 595 -1.406104E+01 -1.298351E+02
695 600 -1.380211E+01 -1.268990E+02
695 605 -1.354318E+01 -1.243254E+02
695 610 -1.324925E+01 -1.215706E+02
695 615 -1.298876E+01 -1.192937E+02
695 620 -1.269800E+01 -1.170676E+02
695 625 -1.248956E+01 -1.150159E+02
695 630 -1.219480E+01 -1.131015E+02
695 635 -1.197616E+01 -1.113492E+02
695 640 -1.175563E+01 -1.098880E+02
695 645 -1.150571E+01 -1.083279E+02
695 650 -1.133947E+01 -1.068063E+02
695 655 -1.114853E+01 -1.055841E+02
695 660 -1.099249E+01 -1.045418E+02
695 665 -1.078221E+01 -1.036066E+02
695 670 -1.064147E+01 -1.024022E+02
695 675 -1.052337E+01 -1.015109E+02
695 680 -1.037795E+01 -1.007295E+02
695 685 -1.025682E+01 -9.977097E+01
695 690 -1.014681E+01 -9.908981E+01
695 695 -1.002072E+01 -9.847870E+01
