455 695 -7.699196E+00 -1.946365E+01
455 690 -7.828590E+00 -1.899261E+01
455 685 -7.860559E+00 -1.864655E+01
455 680 -7.961201E+00 -1.801208E+01
455 675 -8.049667E+00 -1.736801E+01
455 670 -8.214340E+00 -1.649734E+01
455 665 -8.309652E+00 -1.615128E+01
455 660 -8.443319E+00 -1.519135E+01
455 655 -8.484797E+00 -1.425201E+01
455 650 -8.634907E+00 -1.326874E+01
455 645 -8.802105E+00 -1.244751E+01
455 640 -8.898382E+00 -1.076111E+01
455 635 -9.082024E+00 -9.908295E+00
455 630 -9.189508E+00 -8.525391E+00
455 625 -9.370350E+00 -6.729126E+00
455 620 -9.449080E+00 -5.261078E+00
455 615 -9.620733E+00 -3.497772E+00
455 610 -9.712141E+00 -1.809998E+00
455 605 -9.845211E+00  1.675415E-01
455 600 -9.935654E+00  2.344208E+00
455 595 -1.005830E+01  4.651337E+00
455 590 -1.010184E+01  6.646729E+00
455 585 -1.010023E+01  8.915405E+00
455 580 -1.016647E+01  1.126511E+01
455 575 -1.014869E+01  1.353104E+01
455 570 -1.011994E+01  1.582993E+01
455 565 -1.010529E+01  1.784866E+01
455 560 -1.003032E+01  1.966278E+01
455 555 -9.989212E+00  2.200699E+01
455 550 -9.923113E+00  2.382935E+01
455 545 -9.870565E+00  2.587418E+01
455 540 -9.741446E+00  2.763885E+01
455 535 -9.608561E+00  2.903961E+01
455 530 -9.543243E+00  3.043762E+01
455 525 -9.444073E+00  3.187683E+01
455 520 -9.300806E+00  3.317459E+01
455 515 -9.198879E+00  3.428284E+01
455 510 -9.070265E+00  3.537598E+01
455 505 -8.983589E+00  3.620819E+01
455 500 -8.888597E+00  3.708160E+01
455 495 -8.798155E+00  3.784927E+01
455 490 -8.716026E+00  3.862656E+01
455 485 -8.641521E+00  3.928436E+01
455 480 -8.551401E+00  3.965240E+01
455 475 -8.460773E+00  4.027176E+01
455 470 -8.390678E+00  4.075653E+01
455 465 -8.325684E+00  4.120834E+01
455 460 -8.254946E+00  4.161346E+01
455 455 -8.231932E+00  4.183731E+01
