455 455 -8.159771E+00  4.213943E+01
460 455 -8.268267E+00  4.264618E+01
465 455 -8.285812E+00  4.285217E+01
470 455 -8.359903E+00  4.338364E+01
475 455 -8.439873E+00  4.387253E+01
480 455 -8.526688E+00  4.428040E+01
485 455 -8.617912E+00  4.484619E+01
490 455 -8.691315E+00  4.540100E+01
495 455 -8.825899E+00  4.630875E+01
500 455 -8.944592E+00  4.683609E+01
505 455 -9.068336E+00  4.766418E+01
510 455 -9.230160E+00  4.857880E+01
515 455 -9.345362E+00  4.946320E+01
520 455 -9.527121E+00  5.042725E+01
525 455 -9.686510E+00  5.152451E+01
530 455 -9.891052E+00  5.274261E+01
535 455 -1.010271E+01  5.400742E+01
540 455 -1.032117E+01  5.550842E+01
545 455 -1.052475E+01  5.687622E+01
550 455 -1.079819E+01  5.867935E+01
555 455 -1.105120E+01  6.049622E+01
560 455 -1.133327E+01  6.242844E+01
565 455 -1.161668E+01  6.461884E+01
570 455 -1.192843E+01  6.694656E+01
575 455 -1.223706E+01  6.935532E+01
580 455 -1.257633E+01  7.199753E+01
585 455 -1.288022E+01  7.488144E+01
590 455 -1.321104E+01  7.791092E+01
595 455 -1.354258E+01  8.131668E+01
600 455 -1.387978E+01  8.470871E+01
605 455 -1.415855E+01  8.828613E+01
610 455 -1.450016E+01  9.220001E+01
615 455 -1.475716E+01  9.638031E+01
620 455 -1.498701E+01  1.004315E+02
625 455 -1.520868E+01  1.045212E+02
630 455 -1.537262E+01  1.091327E+02
635 455 -1.556568E+01  1.129971E+02
640 455 -1.561933E+01  1.175496E+02
645 455 -1.566871E+01  1.216667E+02
650 455 -1.576485E+01  1.257275E+02
655 455 -1.572994E+01  1.291443E+02
660 455 -1.570633E+01  1.332092E+02
665 455 -1.565461E+01  1.366054E+02
670 455 -1.561318E+01  1.398532E+02
675 455 -1.553642E+01  1.430434E+02
680 455 -1.543822E+01  1.457034E+02
685 455 -1.538617E+01  1.481561E+02
690 455 -1.530832E+01  1.502174E+02
695 455 -1.517538E+01  1.527004E+02
