690 460 -1.534313E+01  1.521703E+02
690 465 -1.545204E+01  1.535587E+02
690 470 -1.552021E+01  1.546545E+02
690 475 -1.562135E+01  1.560594E+02
690 480 -1.569843E+01  1.575673E+02
690 485 -1.574170E+01  1.592633E+02
690 490 -1.585001E+01  1.610074E+02
690 495 -1.594321E+01  1.630000E+02
690 500 -1.605823E+01  1.651121E+02
690 505 -1.612203E+01  1.671213E+02
690 510 -1.623870E+01  1.698157E+02
690 515 -1.626911E+01  1.725499E+02
690 520 -1.633102E+01  1.753129E+02
690 525 -1.641201E+01  1.786816E+02
690 530 -1.641531E+01 -1.781804E+02
690 535 -1.643327E+01 -1.745068E+02
690 540 -1.644439E+01 -1.712370E+02
690 545 -1.636304E+01 -1.672778E+02
690 550 -1.628187E+01 -1.632211E+02
690 555 -1.621036E+01 -1.595242E+02
690 560 -1.604941E+01 -1.552753E+02
690 565 -1.592644E+01 -1.513998E+02
690 570 -1.570619E+01 -1.474365E+02
690 575 -1.548741E+01 -1.434746E+02
690 580 -1.524318E+01 -1.397269E+02
690 585 -1.493497E+01 -1.361810E+02
690 590 -1.466713E+01 -1.329236E+02
690 595 -1.439502E+01 -1.296689E+02
690 600 -1.410973E+01 -1.266284E+02
690 605 -1.382397E+01 -1.236333E+02
690 610 -1.350598E+01 -1.212767E+02
690 615 -1.321701E+01 -1.188391E+02
690 620 -1.294375E+01 -1.165128E+02
690 625 -1.269304E+01 -1.144528E+02
690 630 -1.243848E+01 -1.125069E+02
690 635 -1.216715E+01 -1.106158E+02
690 640 -1.195112E+01 -1.089034E+02
690 645 -1.175522E+01 -1.074655E+02
690 650 -1.153235E+01 -1.060181E+02
690 655 -1.130796E+01 -1.048055E+02
690 660 -1.115992E+01 -1.036711E+02
690 665 -1.097223E+01 -1.025670E+02
690 670 -1.083094E+01 -1.016153E+02
690 675 -1.067390E+01 -1.005029E+02
690 680 -1.054969E+01 -9.983002E+01
690 685 -1.038897E+01 -9.914337E+01
690 690 -1.029674E+01 -9.824387E+01
