690 690 -1.028943E+01 -9.822601E+01
685 690 -1.043004E+01 -9.744461E+01
680 690 -1.062916E+01 -9.638443E+01
675 690 -1.075658E+01 -9.531052E+01
670 690 -1.098069E+01 -9.421600E+01
665 690 -1.117669E+01 -9.267242E+01
660 690 -1.136589E+01 -9.146942E+01
655 690 -1.156014E+01 -8.959213E+01
650 690 -1.180767E+01 -8.752533E+01
645 690 -1.194405E+01 -8.558075E+01
640 690 -1.222163E+01 -8.308685E+01
635 690 -1.238791E+01 -8.049957E+01
630 690 -1.255387E+01 -7.785461E+01
625 690 -1.270499E+01 -7.451340E+01
620 690 -1.282726E+01 -7.137955E+01
615 690 -1.285634E+01 -6.789551E+01
610 690 -1.294724E+01 -6.437439E+01
605 690 -1.289391E+01 -6.106476E+01
600 690 -1.279690E+01 -5.721542E+01
595 690 -1.278422E+01 -5.381516E+01
590 690 -1.257614E+01 -5.041077E+01
585 690 -1.242383E+01 -4.717667E+01
580 690 -1.227960E+01 -4.439026E+01
575 690 -1.197391E+01 -4.122345E+01
570 690 -1.177341E+01 -3.886139E+01
565 690 -1.150855E+01 -3.629745E+01
560 690 -1.126649E+01 -3.414276E+01
555 690 -1.095281E+01 -3.252777E+01
550 690 -1.073049E+01 -3.070129E+01
545 690 -1.043390E+01 -2.923874E+01
540 690 -1.021259E+01 -2.792175E+01
535 690 -9.983700E+00 -2.652237E+01
530 690 -9.749899E+00 -2.575470E+01
525 690 -9.516418E+00 -2.465057E+01
520 690 -9.343616E+00 -2.391586E+01
515 690 -9.152441E+00 -2.316055E+01
510 690 -8.971876E+00 -2.272110E+01
505 690 -8.824108E+00 -2.202759E+01
500 690 -8.690165E+00 -2.158951E+01
495 690 -8.551033E+00 -2.081360E+01
490 690 -8.446167E+00 -2.090286E+01
485 690 -8.292702E+00 -2.016815E+01
480 690 -8.166845E+00 -2.026154E+01
475 690 -8.104099E+00 -2.002396E+01
470 690 -7.952381E+00 -1.930298E+01
465 690 -7.946823E+00 -1.954330E+01
460 690 -7.813846E+00 -1.904892E+01
