460 460 -8.266428E+00  4.218750E+01
465 460 -8.348099E+00  4.268326E+01
470 460 -8.424255E+00  4.302658E+01
475 460 -8.489389E+00  4.359650E+01
480 460 -8.587458E+00  4.404694E+01
485 460 -8.709549E+00  4.451797E+01
490 460 -8.752865E+00  4.514008E+01
495 460 -8.907570E+00  4.597916E+01
500 460 -8.979822E+00  4.664932E+01
505 460 -9.153175E+00  4.734833E+01
510 460 -9.261440E+00  4.823547E+01
515 460 -9.406269E+00  4.921600E+01
520 460 -9.589407E+00  5.032425E+01
525 460 -9.785543E+00  5.141876E+01
530 460 -9.969828E+00  5.254486E+01
535 460 -1.017726E+01  5.383438E+01
540 460 -1.037841E+01  5.517334E+01
545 460 -1.062603E+01  5.673203E+01
550 460 -1.088055E+01  5.860519E+01
555 460 -1.115147E+01  6.027374E+01
560 460 -1.143373E+01  6.227737E+01
565 460 -1.172035E+01  6.432770E+01
570 460 -1.203247E+01  6.668289E+01
575 460 -1.232006E+01  6.903671E+01
580 460 -1.268693E+01  7.193848E+01
585 460 -1.300057E+01  7.480728E+01
590 460 -1.335182E+01  7.785324E+01
595 460 -1.366964E+01  8.120819E+01
600 460 -1.402222E+01  8.477051E+01
605 460 -1.431335E+01  8.843170E+01
610 460 -1.463194E+01  9.245956E+01
615 460 -1.489537E+01  9.645172E+01
620 460 -1.512679E+01  1.005936E+02
625 460 -1.535397E+01  1.049702E+02
630 460 -1.550146E+01  1.096628E+02
635 460 -1.566136E+01  1.136646E+02
640 460 -1.578184E+01  1.182376E+02
645 460 -1.586806E+01  1.224550E+02
650 460 -1.582709E+01  1.263112E+02
655 460 -1.583356E+01  1.304915E+02
660 460 -1.580996E+01  1.340318E+02
665 460 -1.575075E+01  1.375241E+02
670 460 -1.566297E+01  1.408791E+02
675 460 -1.560670E+01  1.436943E+02
680 460 -1.553334E+01  1.466688E+02
685 460 -1.541745E+01  1.491133E+02
690 460 -1.531047E+01  1.512762E+02
