460 690 -7.761803E+00 -1.929199E+01
460 685 -7.972730E+00 -1.855453E+01
460 680 -8.037771E+00 -1.824554E+01
460 675 -8.160048E+00 -1.757813E+01
460 670 -8.289579E+00 -1.689285E+01
460 665 -8.342495E+00 -1.610870E+01
460 660 -8.450577E+00 -1.525177E+01
460 655 -8.591593E+00 -1.452805E+01
460 650 -8.729025E+00 -1.334976E+01
460 645 -8.866274E+00 -1.225662E+01
460 640 -9.033566E+00 -1.103577E+01
460 635 -9.157125E+00 -9.799805E+00
460 630 -9.339666E+00 -8.544617E+00
460 625 -9.432268E+00 -7.256470E+00
460 620 -9.566761E+00 -5.417633E+00
460 615 -9.694548E+00 -3.547211E+00
460 610 -9.805523E+00 -1.719360E+00
460 605 -9.963627E+00  3.858948E-01
460 600 -1.004452E+01  2.734222E+00
460 595 -1.011424E+01  4.261322E+00
460 590 -1.011691E+01  6.729126E+00
460 585 -1.023555E+01  8.990936E+00
460 580 -1.025117E+01  1.126236E+01
460 575 -1.026968E+01  1.365463E+01
460 570 -1.027010E+01  1.574753E+01
460 565 -1.022655E+01  1.801208E+01
460 560 -1.011732E+01  2.029312E+01
460 555 -1.009279E+01  2.252197E+01
460 550 -1.000400E+01  2.434296E+01
460 545 -9.895277E+00  2.603485E+01
460 540 -9.874102E+00  2.781601E+01
460 535 -9.706583E+00  2.932251E+01
460 530 -9.590004E+00  3.088257E+01
460 525 -9.465431E+00  3.225311E+01
460 520 -9.374897E+00  3.334213E+01
460 515 -9.258041E+00  3.467285E+01
460 510 -9.170906E+00  3.571930E+01
460 505 -9.066500E+00  3.662155E+01
460 500 -8.967421E+00  3.755264E+01
460 495 -8.854654E+00  3.830246E+01
460 490 -8.778587E+00  3.885040E+01
460 485 -8.688145E+00  3.963730E+01
460 480 -8.596003E+00  4.009048E+01
460 475 -8.520441E+00  4.070709E+01
460 470 -8.452368E+00  4.105453E+01
460 465 -8.420490E+00  4.153381E+01
460 460 -8.339876E+00  4.197464E+01
