465 685 -7.959730E+00 -1.883881E+01
465 680 -8.088528E+00 -1.834167E+01
465 675 -8.212824E+00 -1.760147E+01
465 670 -8.288614E+00 -1.694916E+01
465 665 -8.452459E+00 -1.651932E+01
465 660 -8.562838E+00 -1.561844E+01
465 655 -8.688282E+00 -1.462418E+01
465 650 -8.854378E+00 -1.339645E+01
465 645 -8.959932E+00 -1.236099E+01
465 640 -9.115280E+00 -1.107697E+01
465 635 -9.211143E+00 -1.001404E+01
465 630 -9.377056E+00 -8.580322E+00
465 625 -9.530933E+00 -7.025757E+00
465 620 -9.681320E+00 -5.408020E+00
465 615 -9.807728E+00 -3.615875E+00
465 610 -9.918474E+00 -1.873169E+00
465 605 -1.001011E+01  2.870178E-01
465 600 -1.014594E+01  2.536469E+00
465 595 -1.021474E+01  4.799652E+00
465 590 -1.031084E+01  6.731873E+00
465 585 -1.035282E+01  9.109039E+00
465 580 -1.034230E+01  1.155212E+01
465 575 -1.037781E+01  1.359695E+01
465 570 -1.033353E+01  1.586151E+01
465 565 -1.029949E+01  1.826752E+01
465 560 -1.028227E+01  2.056778E+01
465 555 -1.018438E+01  2.257690E+01
465 550 -1.012136E+01  2.465881E+01
465 545 -1.001328E+01  2.632874E+01
465 540 -9.932484E+00  2.813461E+01
465 535 -9.803226E+00  2.975510E+01
465 530 -9.675117E+00  3.122864E+01
465 525 -9.572870E+00  3.264450E+01
465 520 -9.474297E+00  3.395187E+01
465 515 -9.341917E+00  3.499832E+01
465 510 -9.240770E+00  3.608047E+01
465 505 -9.138338E+00  3.693466E+01
465 500 -9.039995E+00  3.774765E+01
465 495 -8.911840E+00  3.865128E+01
465 490 -8.851990E+00  3.942032E+01
465 485 -8.747261E+00  3.990784E+01
465 480 -8.653694E+00  4.056152E+01
465 475 -8.594210E+00  4.105316E+01
465 470 -8.514883E+00  4.157227E+01
465 465 -8.460590E+00  4.200485E+01
