685 685 -1.055723E+01 -9.835510E+01
680 685 -1.073742E+01 -9.718781E+01
675 685 -1.094155E+01 -9.618942E+01
670 685 -1.112377E+01 -9.479828E+01
665 685 -1.129409E+01 -9.346756E+01
660 685 -1.153993E+01 -9.193222E+01
655 685 -1.175453E+01 -9.008102E+01
650 685 -1.194300E+01 -8.816116E+01
645 685 -1.215365E+01 -8.607513E+01
640 685 -1.238906E+01 -8.364304E+01
635 685 -1.257104E+01 -8.096375E+01
630 685 -1.274899E+01 -7.824326E+01
625 685 -1.287136E+01 -7.513824E+01
620 685 -1.301513E+01 -7.156357E+01
615 685 -1.307415E+01 -6.844894E+01
610 685 -1.313805E+01 -6.455292E+01
605 685 -1.306745E+01 -6.109497E+01
600 685 -1.304788E+01 -5.733627E+01
595 685 -1.294995E+01 -5.390167E+01
590 685 -1.278064E+01 -5.015671E+01
585 685 -1.264550E+01 -4.682648E+01
580 685 -1.245676E+01 -4.389175E+01
575 685 -1.219136E+01 -4.098175E+01
570 685 -1.192834E+01 -3.832031E+01
565 685 -1.166234E+01 -3.603516E+01
560 685 -1.135018E+01 -3.386261E+01
555 685 -1.112143E+01 -3.216797E+01
550 685 -1.088074E+01 -3.016983E+01
545 685 -1.054684E+01 -2.869766E+01
540 685 -1.033913E+01 -2.707169E+01
535 685 -1.012430E+01 -2.609253E+01
530 685 -9.866201E+00 -2.500076E+01
525 685 -9.686005E+00 -2.413971E+01
520 685 -9.481876E+00 -2.340363E+01
515 685 -9.279860E+00 -2.243271E+01
510 685 -9.083632E+00 -2.200974E+01
505 685 -8.933107E+00 -2.131073E+01
500 685 -8.780655E+00 -2.095093E+01
495 685 -8.665361E+00 -2.042358E+01
490 685 -8.484522E+00 -2.030273E+01
485 685 -8.383606E+00 -1.992783E+01
480 685 -8.249296E+00 -1.940598E+01
475 685 -8.185356E+00 -1.940323E+01
470 685 -8.111174E+00 -1.903931E+01
465 685 -7.979757E+00 -1.895142E+01
