465 465 -8.391321E+00  4.222595E+01
470 465 -8.480846E+00  4.284256E+01
475 465 -8.581394E+00  4.323257E+01
480 465 -8.624342E+00  4.372971E+01
485 465 -8.709780E+00  4.433807E+01
490 465 -8.848452E+00  4.479675E+01
495 465 -8.943029E+00  4.556854E+01
500 465 -9.092497E+00  4.631699E+01
505 465 -9.201406E+00  4.702560E+01
510 465 -9.351837E+00  4.803772E+01
515 465 -9.499468E+00  4.878891E+01
520 465 -9.690460E+00  4.989716E+01
525 465 -9.842592E+00  5.092987E+01
530 465 -1.004635E+01  5.220016E+01
535 465 -1.024180E+01  5.347321E+01
540 465 -1.047721E+01  5.497421E+01
545 465 -1.072971E+01  5.659744E+01
550 465 -1.094729E+01  5.811493E+01
555 465 -1.123070E+01  6.005127E+01
560 465 -1.152835E+01  6.207001E+01
565 465 -1.183083E+01  6.412720E+01
570 465 -1.212880E+01  6.654282E+01
575 465 -1.246264E+01  6.906967E+01
580 465 -1.280200E+01  7.174484E+01
585 465 -1.313212E+01  7.473038E+01
590 465 -1.347915E+01  7.793427E+01
595 465 -1.378810E+01  8.121506E+01
600 465 -1.415823E+01  8.468536E+01
605 465 -1.448317E+01  8.837128E+01
610 465 -1.476795E+01  9.249115E+01
615 465 -1.505793E+01  9.657669E+01
620 465 -1.530836E+01  1.012376E+02
625 465 -1.550431E+01  1.054578E+02
630 465 -1.567261E+01  1.098276E+02
635 465 -1.586691E+01  1.146162E+02
640 465 -1.592934E+01  1.187677E+02
645 465 -1.599465E+01  1.230949E+02
650 465 -1.599410E+01  1.272395E+02
655 465 -1.597702E+01  1.311040E+02
660 465 -1.593880E+01  1.348407E+02
665 465 -1.588460E+01  1.384552E+02
670 465 -1.580352E+01  1.415547E+02
675 465 -1.570647E+01  1.448067E+02
680 465 -1.563715E+01  1.475999E+02
685 465 -1.547657E+01  1.501254E+02
