685 465 -1.554372E+01  1.511238E+02
685 470 -1.563876E+01  1.522911E+02
685 475 -1.580706E+01  1.537042E+02
685 480 -1.587013E+01  1.548564E+02
685 485 -1.591873E+01  1.569040E+02
685 490 -1.601652E+01  1.587415E+02
685 495 -1.615928E+01  1.605501E+02
685 500 -1.617343E+01  1.626279E+02
685 505 -1.633373E+01  1.651643E+02
685 510 -1.648329E+01  1.672943E+02
685 515 -1.654494E+01  1.703883E+02
685 520 -1.664608E+01  1.734865E+02
685 525 -1.669335E+01  1.764967E+02
685 530 -1.673772E+01  1.798379E+02
685 535 -1.675513E+01 -1.764775E+02
685 540 -1.676882E+01 -1.723741E+02
685 545 -1.676060E+01 -1.687788E+02
685 550 -1.666712E+01 -1.645656E+02
685 555 -1.659547E+01 -1.603386E+02
685 560 -1.646317E+01 -1.561432E+02
685 565 -1.630461E+01 -1.519684E+02
685 570 -1.607949E+01 -1.477579E+02
685 575 -1.582217E+01 -1.438371E+02
685 580 -1.558378E+01 -1.399095E+02
685 585 -1.532444E+01 -1.361549E+02
685 590 -1.502054E+01 -1.326503E+02
685 595 -1.470296E+01 -1.294807E+02
685 600 -1.439787E+01 -1.262274E+02
685 605 -1.411014E+01 -1.232062E+02
685 610 -1.381676E+01 -1.205585E+02
685 615 -1.351796E+01 -1.181058E+02
685 620 -1.318761E+01 -1.159181E+02
685 625 -1.292349E+01 -1.136343E+02
685 630 -1.266162E+01 -1.117680E+02
685 635 -1.242080E+01 -1.098674E+02
685 640 -1.219522E+01 -1.081329E+02
685 645 -1.192306E+01 -1.066031E+02
685 650 -1.175099E+01 -1.052284E+02
685 655 -1.153538E+01 -1.039622E+02
685 660 -1.133846E+01 -1.027606E+02
685 665 -1.115487E+01 -1.016304E+02
685 670 -1.099194E+01 -1.006732E+02
685 675 -1.082952E+01 -9.979843E+01
685 680 -1.069934E+01 -9.893600E+01
685 685 -1.059154E+01 -9.811890E+01
