470 680 -8.179569E+00 -1.852707E+01
470 675 -8.322285E+00 -1.811646E+01
470 670 -8.387051E+00 -1.706177E+01
470 665 -8.524117E+00 -1.638062E+01
470 660 -8.617590E+00 -1.559784E+01
470 655 -8.796778E+00 -1.461044E+01
470 650 -8.927917E+00 -1.374115E+01
470 645 -9.043945E+00 -1.258484E+01
470 640 -9.177383E+00 -1.140106E+01
470 635 -9.358498E+00 -1.008682E+01
470 630 -9.509987E+00 -8.610535E+00
470 625 -9.652014E+00 -6.935120E+00
470 620 -9.735981E+00 -5.288544E+00
470 615 -9.901525E+00 -3.464813E+00
470 610 -1.002577E+01 -1.491394E+00
470 605 -1.011695E+01  2.774048E-01
470 600 -1.024511E+01  2.423859E+00
470 595 -1.034814E+01  4.637604E+00
470 590 -1.038745E+01  6.889801E+00
470 585 -1.045213E+01  9.385071E+00
470 580 -1.047468E+01  1.154800E+01
470 575 -1.046099E+01  1.422043E+01
470 570 -1.043761E+01  1.628998E+01
470 565 -1.042944E+01  1.877289E+01
470 560 -1.036550E+01  2.075180E+01
470 555 -1.031461E+01  2.279526E+01
470 550 -1.021544E+01  2.476456E+01
470 545 -1.011948E+01  2.667755E+01
470 540 -1.001971E+01  2.843948E+01
470 535 -9.886412E+00  3.019043E+01
470 530 -9.792707E+00  3.154724E+01
470 525 -9.660051E+00  3.311417E+01
470 520 -9.548159E+00  3.433914E+01
470 515 -9.455832E+00  3.536636E+01
470 510 -9.361347E+00  3.653091E+01
470 505 -9.221663E+00  3.750046E+01
470 500 -9.105038E+00  3.836426E+01
470 495 -9.000952E+00  3.917587E+01
470 490 -8.920706E+00  3.990372E+01
470 485 -8.804081E+00  4.037750E+01
470 480 -8.768665E+00  4.080597E+01
470 475 -8.691360E+00  4.149124E+01
470 470 -8.597517E+00  4.194992E+01
