470 470 -8.519247E+00  4.245804E+01
475 470 -8.583233E+00  4.289612E+01
480 470 -8.686951E+00  4.336304E+01
485 470 -8.775831E+00  4.388901E+01
490 470 -8.912714E+00  4.448776E+01
495 470 -9.025618E+00  4.515106E+01
500 470 -9.130026E+00  4.602036E+01
505 470 -9.258915E+00  4.670013E+01
510 470 -9.414629E+00  4.759964E+01
515 470 -9.581873E+00  4.846069E+01
520 470 -9.738552E+00  4.954010E+01
525 470 -9.929407E+00  5.065659E+01
530 470 -1.010515E+01  5.180328E+01
535 470 -1.032829E+01  5.322876E+01
540 470 -1.057597E+01  5.475174E+01
545 470 -1.080214E+01  5.620880E+01
550 470 -1.107504E+01  5.791031E+01
555 470 -1.134301E+01  5.976563E+01
560 470 -1.164172E+01  6.176651E+01
565 470 -1.192719E+01  6.392532E+01
570 470 -1.225603E+01  6.634781E+01
575 470 -1.260384E+01  6.893372E+01
580 470 -1.289207E+01  7.143585E+01
585 470 -1.327318E+01  7.456970E+01
590 470 -1.361387E+01  7.774338E+01
595 470 -1.396150E+01  8.106674E+01
600 470 -1.428648E+01  8.467850E+01
605 470 -1.463144E+01  8.870499E+01
610 470 -1.493207E+01  9.261749E+01
615 470 -1.522655E+01  9.687057E+01
620 470 -1.546582E+01  1.013914E+02
625 470 -1.570771E+01  1.055704E+02
630 470 -1.587095E+01  1.104208E+02
635 470 -1.600774E+01  1.150681E+02
640 470 -1.606911E+01  1.192621E+02
645 470 -1.612928E+01  1.237267E+02
650 470 -1.618689E+01  1.281129E+02
655 470 -1.611431E+01  1.321999E+02
660 470 -1.603337E+01  1.358308E+02
665 470 -1.602795E+01  1.393629E+02
670 470 -1.590150E+01  1.428758E+02
675 470 -1.582098E+01  1.457281E+02
680 470 -1.566696E+01  1.486382E+02
