680 680 -1.086043E+01 -9.802414E+01
675 680 -1.106364E+01 -9.699417E+01
670 680 -1.128693E+01 -9.567032E+01
665 680 -1.145660E+01 -9.418854E+01
660 680 -1.168889E+01 -9.274109E+01
655 680 -1.191167E+01 -9.095169E+01
650 680 -1.210078E+01 -8.889175E+01
645 680 -1.234514E+01 -8.680161E+01
640 680 -1.258978E+01 -8.425552E+01
635 680 -1.278137E+01 -8.165176E+01
630 680 -1.293943E+01 -7.875000E+01
625 680 -1.310631E+01 -7.574799E+01
620 680 -1.327746E+01 -7.186981E+01
615 680 -1.331907E+01 -6.845581E+01
610 680 -1.336942E+01 -6.490173E+01
605 680 -1.333074E+01 -6.101120E+01
600 680 -1.333060E+01 -5.726074E+01
595 680 -1.321480E+01 -5.340042E+01
590 680 -1.302592E+01 -4.984909E+01
585 680 -1.287053E+01 -4.661636E+01
580 680 -1.260242E+01 -4.362122E+01
575 680 -1.236898E+01 -4.065628E+01
570 680 -1.212627E+01 -3.815140E+01
565 680 -1.183110E+01 -3.545563E+01
560 680 -1.155807E+01 -3.323914E+01
555 680 -1.128325E+01 -3.127533E+01
550 680 -1.099088E+01 -2.907120E+01
545 680 -1.075718E+01 -2.820328E+01
540 680 -1.051442E+01 -2.672424E+01
535 680 -1.026853E+01 -2.535507E+01
530 680 -1.001245E+01 -2.444183E+01
525 680 -9.781040E+00 -2.329102E+01
520 680 -9.569057E+00 -2.257278E+01
515 680 -9.446598E+00 -2.205917E+01
510 680 -9.155334E+00 -2.137802E+01
505 680 -9.016752E+00 -2.087402E+01
500 680 -8.847626E+00 -2.025467E+01
495 680 -8.778910E+00 -1.999374E+01
490 680 -8.583002E+00 -1.952271E+01
485 680 -8.505789E+00 -1.959549E+01
480 680 -8.368906E+00 -1.900909E+01
475 680 -8.262846E+00 -1.891846E+01
470 680 -8.169876E+00 -1.839935E+01
