680 470 -1.579797E+01  1.497862E+02
680 475 -1.590467E+01  1.511389E+02
680 480 -1.600664E+01  1.523570E+02
680 485 -1.610760E+01  1.543126E+02
680 490 -1.621670E+01  1.559427E+02
680 495 -1.631486E+01  1.579285E+02
680 500 -1.644930E+01  1.602493E+02
680 505 -1.657907E+01  1.624535E+02
680 510 -1.669858E+01  1.651025E+02
680 515 -1.680851E+01  1.678162E+02
680 520 -1.688898E+01  1.708882E+02
680 525 -1.697001E+01  1.744038E+02
680 530 -1.704966E+01  1.779112E+02
680 535 -1.710184E+01 -1.784537E+02
680 540 -1.710711E+01 -1.746236E+02
680 545 -1.713734E+01 -1.701617E+02
680 550 -1.707970E+01 -1.658647E+02
680 555 -1.699642E+01 -1.615114E+02
680 560 -1.686597E+01 -1.570029E+02
680 565 -1.673832E+01 -1.526646E+02
680 570 -1.652730E+01 -1.482481E+02
680 575 -1.627264E+01 -1.439497E+02
680 580 -1.599925E+01 -1.398889E+02
680 585 -1.568970E+01 -1.360272E+02
680 590 -1.538438E+01 -1.323894E+02
680 595 -1.511218E+01 -1.288380E+02
680 600 -1.474907E+01 -1.256644E+02
680 605 -1.444499E+01 -1.226445E+02
680 610 -1.410440E+01 -1.199377E+02
680 615 -1.380785E+01 -1.173752E+02
680 620 -1.347639E+01 -1.149733E+02
680 625 -1.322027E+01 -1.127856E+02
680 630 -1.292055E+01 -1.108589E+02
680 635 -1.264849E+01 -1.089693E+02
680 640 -1.239916E+01 -1.073969E+02
680 645 -1.217689E+01 -1.057571E+02
680 650 -1.195457E+01 -1.043509E+02
680 655 -1.170951E+01 -1.031081E+02
680 660 -1.154833E+01 -1.019009E+02
680 665 -1.135702E+01 -1.006334E+02
680 670 -1.118578E+01 -9.964737E+01
680 675 -1.098041E+01 -9.868744E+01
680 680 -1.087858E+01 -9.806808E+01
