475 675 -8.394905E+00 -1.840759E+01
475 670 -8.521406E+00 -1.723480E+01
475 665 -8.635597E+00 -1.653168E+01
475 660 -8.732838E+00 -1.585876E+01
475 655 -8.882994E+00 -1.494141E+01
475 650 -9.021347E+00 -1.378510E+01
475 645 -9.172054E+00 -1.270294E+01
475 640 -9.304068E+00 -1.158783E+01
475 635 -9.463366E+00 -1.031067E+01
475 630 -9.625740E+00 -8.897552E+00
475 625 -9.778929E+00 -7.201538E+00
475 620 -9.908875E+00 -5.542603E+00
475 615 -1.003161E+01 -3.869934E+00
475 610 -1.015149E+01 -1.789398E+00
475 605 -1.028204E+01  1.400757E-01
475 600 -1.036316E+01  2.276917E+00
475 595 -1.045291E+01  4.638977E+00
475 590 -1.048153E+01  7.046356E+00
475 585 -1.058639E+01  9.369965E+00
475 580 -1.059388E+01  1.175812E+01
475 575 -1.062764E+01  1.417099E+01
475 570 -1.061414E+01  1.651382E+01
475 565 -1.053867E+01  1.872757E+01
475 560 -1.045374E+01  2.090149E+01
475 555 -1.041800E+01  2.312485E+01
475 550 -1.031437E+01  2.536194E+01
475 545 -1.026095E+01  2.704971E+01
475 540 -1.013817E+01  2.889816E+01
475 535 -1.000919E+01  3.055298E+01
475 530 -9.886412E+00  3.204575E+01
475 525 -9.786047E+00  3.351242E+01
475 520 -9.670755E+00  3.480057E+01
475 515 -9.521149E+00  3.584427E+01
475 510 -9.436035E+00  3.694153E+01
475 505 -9.313393E+00  3.781494E+01
475 500 -9.193092E+00  3.873779E+01
475 495 -9.102465E+00  3.950821E+01
475 490 -9.000401E+00  4.017426E+01
475 485 -8.938620E+00  4.085815E+01
475 480 -8.828012E+00  4.138000E+01
475 475 -8.761868E+00  4.191559E+01
