675 475 -1.597963E+01  1.483635E+02
675 480 -1.613599E+01  1.497711E+02
675 485 -1.624127E+01  1.513875E+02
675 490 -1.639418E+01  1.533321E+02
675 495 -1.654553E+01  1.552876E+02
675 500 -1.670947E+01  1.574300E+02
675 505 -1.680749E+01  1.600021E+02
675 510 -1.691466E+01  1.625304E+02
675 515 -1.706449E+01  1.650792E+02
675 520 -1.725397E+01  1.682034E+02
675 525 -1.729701E+01  1.716380E+02
675 530 -1.745084E+01  1.751839E+02
675 535 -1.748414E+01  1.793092E+02
675 540 -1.753058E+01 -1.762413E+02
675 545 -1.754840E+01 -1.720308E+02
675 550 -1.752989E+01 -1.676225E+02
675 555 -1.749223E+01 -1.628668E+02
675 560 -1.738084E+01 -1.579765E+02
675 565 -1.721492E+01 -1.534543E+02
675 570 -1.699651E+01 -1.486944E+02
675 575 -1.675797E+01 -1.446309E+02
675 580 -1.645334E+01 -1.399384E+02
675 585 -1.614655E+01 -1.358020E+02
675 590 -1.581152E+01 -1.320090E+02
675 595 -1.547326E+01 -1.285593E+02
675 600 -1.516289E+01 -1.250711E+02
675 605 -1.479074E+01 -1.220416E+02
675 610 -1.443512E+01 -1.191701E+02
675 615 -1.411464E+01 -1.165292E+02
675 620 -1.380000E+01 -1.140463E+02
675 625 -1.347414E+01 -1.118738E+02
675 630 -1.318517E+01 -1.098166E+02
675 635 -1.292142E+01 -1.079297E+02
675 640 -1.264614E+01 -1.063737E+02
675 645 -1.242107E+01 -1.045610E+02
675 650 -1.216844E+01 -1.032179E+02
675 655 -1.194842E+01 -1.018968E+02
675 660 -1.174332E+01 -1.007542E+02
675 665 -1.154296E+01 -9.964737E+01
675 670 -1.137576E+01 -9.867783E+01
675 675 -1.122092E+01 -9.768768E+01
