475 475 -8.688053E+00  4.233719E+01
480 475 -8.776382E+00  4.309799E+01
485 475 -8.871832E+00  4.359238E+01
490 475 -8.973299E+00  4.417603E+01
495 475 -9.074354E+00  4.464706E+01
500 475 -9.187443E+00  4.546692E+01
505 475 -9.348347E+00  4.636505E+01
510 475 -9.510860E+00  4.714233E+01
515 475 -9.645399E+00  4.809402E+01
520 475 -9.862574E+00  4.904434E+01
525 475 -9.998306E+00  5.025146E+01
530 475 -1.022944E+01  5.128555E+01
535 475 -1.044221E+01  5.279068E+01
540 475 -1.068373E+01  5.416672E+01
545 475 -1.092842E+01  5.586136E+01
550 475 -1.119602E+01  5.755875E+01
555 475 -1.147695E+01  5.940033E+01
560 475 -1.177754E+01  6.139847E+01
565 475 -1.207703E+01  6.364243E+01
570 475 -1.237766E+01  6.583282E+01
575 475 -1.270963E+01  6.850937E+01
580 475 -1.306671E+01  7.117905E+01
585 475 -1.343689E+01  7.418655E+01
590 475 -1.377606E+01  7.764450E+01
595 475 -1.411570E+01  8.094589E+01
600 475 -1.451422E+01  8.502869E+01
605 475 -1.483993E+01  8.881760E+01
610 475 -1.510272E+01  9.284683E+01
615 475 -1.541180E+01  9.697220E+01
620 475 -1.564368E+01  1.016977E+02
625 475 -1.590945E+01  1.063339E+02
630 475 -1.606608E+01  1.109894E+02
635 475 -1.616254E+01  1.158124E+02
640 475 -1.628174E+01  1.201520E+02
645 475 -1.626961E+01  1.247388E+02
650 475 -1.633695E+01  1.288174E+02
655 475 -1.624623E+01  1.330719E+02
660 475 -1.618973E+01  1.366273E+02
665 475 -1.615000E+01  1.404506E+02
670 475 -1.598478E+01  1.438440E+02
675 475 -1.591464E+01  1.468254E+02
