675 675 -1.121848E+01 -9.777695E+01
670 675 -1.143065E+01 -9.650665E+01
665 675 -1.163308E+01 -9.511414E+01
660 675 -1.185958E+01 -9.344284E+01
655 675 -1.207588E+01 -9.187866E+01
650 675 -1.227330E+01 -8.974182E+01
645 675 -1.254229E+01 -8.743057E+01
640 675 -1.277765E+01 -8.516190E+01
635 675 -1.305252E+01 -8.264465E+01
630 675 -1.321209E+01 -7.931442E+01
625 675 -1.335743E+01 -7.593887E+01
620 675 -1.347258E+01 -7.240814E+01
615 675 -1.358200E+01 -6.888977E+01
610 675 -1.361102E+01 -6.502533E+01
605 675 -1.363317E+01 -6.123093E+01
600 675 -1.354773E+01 -5.731293E+01
595 675 -1.344883E+01 -5.336609E+01
590 675 -1.328637E+01 -4.976944E+01
585 675 -1.311035E+01 -4.629089E+01
580 675 -1.288440E+01 -4.310760E+01
575 675 -1.259181E+01 -4.019623E+01
570 675 -1.235314E+01 -3.722031E+01
565 675 -1.202820E+01 -3.465088E+01
560 675 -1.179229E+01 -3.266785E+01
555 675 -1.144659E+01 -3.068893E+01
550 675 -1.118803E+01 -2.888855E+01
545 675 -1.088101E+01 -2.730515E+01
540 675 -1.068547E+01 -2.603622E+01
535 675 -1.036757E+01 -2.490189E+01
530 675 -1.019242E+01 -2.388428E+01
525 675 -9.932852E+00 -2.290649E+01
520 675 -9.702036E+00 -2.205643E+01
515 675 -9.537685E+00 -2.150299E+01
510 675 -9.346832E+00 -2.066940E+01
505 675 -9.179541E+00 -2.026016E+01
500 675 -9.058094E+00 -1.983994E+01
495 675 -8.838209E+00 -1.948151E+01
490 675 -8.737110E+00 -1.851608E+01
485 675 -8.622000E+00 -1.860535E+01
480 675 -8.575975E+00 -1.809311E+01
475 675 -8.419434E+00 -1.806702E+01
