480 480 -8.862646E+00  4.259125E+01
485 480 -8.943306E+00  4.294693E+01
490 480 -9.073757E+00  4.366791E+01
495 480 -9.176233E+00  4.428726E+01
500 480 -9.291115E+00  4.507416E+01
505 480 -9.411322E+00  4.590637E+01
510 480 -9.595699E+00  4.668503E+01
515 480 -9.735430E+00  4.764359E+01
520 480 -9.924629E+00  4.865570E+01
525 480 -1.009996E+01  4.974335E+01
530 480 -1.032503E+01  5.106857E+01
535 480 -1.051561E+01  5.233749E+01
540 480 -1.077174E+01  5.384811E+01
545 480 -1.101702E+01  5.544113E+01
550 480 -1.129326E+01  5.708084E+01
555 480 -1.160336E+01  5.900757E+01
560 480 -1.188654E+01  6.099335E+01
565 480 -1.223715E+01  6.309036E+01
570 480 -1.254987E+01  6.558838E+01
575 480 -1.288518E+01  6.823471E+01
580 480 -1.321885E+01  7.104584E+01
585 480 -1.360625E+01  7.399841E+01
590 480 -1.396164E+01  7.734512E+01
595 480 -1.430104E+01  8.080032E+01
600 480 -1.466869E+01  8.464691E+01
605 480 -1.504617E+01  8.861847E+01
610 480 -1.535411E+01  9.289627E+01
615 480 -1.561570E+01  9.738968E+01
620 480 -1.587366E+01  1.021770E+02
625 480 -1.608064E+01  1.068008E+02
630 480 -1.625849E+01  1.113313E+02
635 480 -1.638151E+01  1.164153E+02
640 480 -1.646125E+01  1.214195E+02
645 480 -1.651388E+01  1.256726E+02
650 480 -1.649436E+01  1.299435E+02
655 480 -1.644921E+01  1.343807E+02
660 480 -1.637517E+01  1.384511E+02
665 480 -1.626828E+01  1.417731E+02
670 480 -1.614711E+01  1.452145E+02
