670 670 -1.158269E+01 -9.720291E+01
665 670 -1.183078E+01 -9.599716E+01
660 670 -1.205411E+01 -9.446045E+01
655 670 -1.225925E+01 -9.270813E+01
650 670 -1.254082E+01 -9.054932E+01
645 670 -1.277967E+01 -8.835205E+01
640 670 -1.303603E+01 -8.570709E+01
635 670 -1.322748E+01 -8.301132E+01
630 670 -1.343707E+01 -7.983078E+01
625 670 -1.364933E+01 -7.667770E+01
620 670 -1.379462E+01 -7.300827E+01
615 670 -1.389742E+01 -6.930862E+01
610 670 -1.393026E+01 -6.516541E+01
605 670 -1.392195E+01 -6.112381E+01
600 670 -1.385250E+01 -5.725937E+01
595 670 -1.374024E+01 -5.337433E+01
590 670 -1.356082E+01 -4.939178E+01
585 670 -1.334851E+01 -4.590912E+01
580 670 -1.310998E+01 -4.244980E+01
575 670 -1.286851E+01 -3.919510E+01
570 670 -1.253623E+01 -3.654190E+01
565 670 -1.228194E+01 -3.391342E+01
560 670 -1.197648E+01 -3.183563E+01
555 670 -1.167258E+01 -2.963699E+01
550 670 -1.134053E+01 -2.796707E+01
545 670 -1.113006E+01 -2.650040E+01
540 670 -1.082190E+01 -2.529877E+01
535 670 -1.055635E+01 -2.400101E+01
530 670 -1.031640E+01 -2.295868E+01
525 670 -1.006757E+01 -2.212921E+01
520 670 -9.873735E+00 -2.135056E+01
515 670 -9.648706E+00 -2.051559E+01
510 670 -9.468969E+00 -1.994019E+01
505 670 -9.291527E+00 -1.952133E+01
500 670 -9.124559E+00 -1.908463E+01
495 670 -8.968246E+00 -1.825928E+01
490 670 -8.835684E+00 -1.809723E+01
485 670 -8.702291E+00 -1.799011E+01
480 670 -8.617912E+00 -1.758911E+01
