670 480 -1.622882E+01  1.466016E+02
670 485 -1.646423E+01  1.483415E+02
670 490 -1.660240E+01  1.498343E+02
670 495 -1.667525E+01  1.519368E+02
670 500 -1.688002E+01  1.538773E+02
670 505 -1.702352E+01  1.565236E+02
670 510 -1.720243E+01  1.592454E+02
670 515 -1.737624E+01  1.622173E+02
670 520 -1.759438E+01  1.651959E+02
670 525 -1.769249E+01  1.686992E+02
670 530 -1.782639E+01  1.730882E+02
670 535 -1.797278E+01  1.768497E+02
670 540 -1.800177E+01 -1.791733E+02
670 545 -1.800700E+01 -1.741525E+02
670 550 -1.803415E+01 -1.695850E+02
670 555 -1.801132E+01 -1.643925E+02
670 560 -1.788569E+01 -1.594693E+02
670 565 -1.772786E+01 -1.544417E+02
670 570 -1.754794E+01 -1.492712E+02
670 575 -1.730128E+01 -1.446693E+02
670 580 -1.698521E+01 -1.401498E+02
670 585 -1.665697E+01 -1.356866E+02
670 590 -1.631637E+01 -1.316808E+02
670 595 -1.594551E+01 -1.278603E+02
670 600 -1.558043E+01 -1.241908E+02
670 605 -1.522361E+01 -1.211723E+02
670 610 -1.480047E+01 -1.181497E+02
670 615 -1.448560E+01 -1.154196E+02
670 620 -1.414215E+01 -1.129683E+02
670 625 -1.381814E+01 -1.105843E+02
670 630 -1.352430E+01 -1.085834E+02
670 635 -1.322872E+01 -1.067844E+02
670 640 -1.293732E+01 -1.050362E+02
670 645 -1.266911E+01 -1.033759E+02
670 650 -1.241202E+01 -1.020039E+02
670 655 -1.217772E+01 -1.006252E+02
670 660 -1.198985E+01 -9.947433E+01
670 665 -1.179716E+01 -9.836060E+01
670 670 -1.158775E+01 -9.740891E+01
