480 670 -8.646345E+00 -1.769073E+01
480 665 -8.738947E+00 -1.682419E+01
480 660 -8.873854E+00 -1.587250E+01
480 655 -8.999712E+00 -1.519135E+01
480 650 -9.181931E+00 -1.425476E+01
480 645 -9.290976E+00 -1.274414E+01
480 640 -9.435253E+00 -1.182129E+01
480 635 -9.581093E+00 -1.041504E+01
480 630 -9.723440E+00 -8.893433E+00
480 625 -9.906210E+00 -7.268829E+00
480 620 -1.008549E+01 -5.497284E+00
480 615 -1.013367E+01 -3.442841E+00
480 610 -1.032875E+01 -1.871796E+00
480 605 -1.040767E+01  4.820251E-01
480 600 -1.051230E+01  2.478790E+00
480 595 -1.062029E+01  4.810638E+00
480 590 -1.067817E+01  7.198792E+00
480 585 -1.068069E+01  9.688568E+00
480 580 -1.074872E+01  1.195724E+01
480 575 -1.074675E+01  1.450333E+01
480 570 -1.074863E+01  1.674042E+01
480 565 -1.068115E+01  1.916840E+01
480 560 -1.062135E+01  2.150848E+01
480 555 -1.057046E+01  2.360825E+01
480 550 -1.047565E+01  2.555145E+01
480 545 -1.039917E+01  2.749329E+01
480 540 -1.024318E+01  2.938293E+01
480 535 -1.010414E+01  3.092514E+01
480 530 -1.002366E+01  3.244812E+01
480 525 -9.897621E+00  3.389557E+01
480 520 -9.761658E+00  3.522766E+01
480 515 -9.611731E+00  3.626862E+01
480 510 -9.523399E+00  3.751282E+01
480 505 -9.378801E+00  3.839584E+01
480 500 -9.267229E+00  3.948761E+01
480 495 -9.217758E+00  4.009048E+01
480 490 -9.105680E+00  4.074142E+01
480 485 -9.023458E+00  4.130035E+01
480 480 -8.907707E+00  4.207214E+01
