485 665 -8.869123E+00 -1.701920E+01
485 660 -9.018314E+00 -1.678848E+01
485 655 -9.104395E+00 -1.548660E+01
485 650 -9.262037E+00 -1.442093E+01
485 645 -9.371361E+00 -1.317947E+01
485 640 -9.533873E+00 -1.222916E+01
485 635 -9.738598E+00 -1.054276E+01
485 630 -9.855408E+00 -8.804169E+00
485 625 -1.004433E+01 -7.351227E+00
485 620 -1.016270E+01 -5.677185E+00
485 615 -1.031410E+01 -3.974304E+00
485 610 -1.044166E+01 -1.527100E+00
485 605 -1.056278E+01  1.826477E-01
485 600 -1.067307E+01  2.552948E+00
485 595 -1.076154E+01  4.946594E+00
485 590 -1.080853E+01  7.285309E+00
485 585 -1.088354E+01  9.633636E+00
485 580 -1.090609E+01  1.228271E+01
485 575 -1.091826E+01  1.470795E+01
485 570 -1.089029E+01  1.714691E+01
485 565 -1.081381E+01  1.944717E+01
485 560 -1.077454E+01  2.187790E+01
485 555 -1.068267E+01  2.398178E+01
485 550 -1.060275E+01  2.599503E+01
485 545 -1.046779E+01  2.786270E+01
485 540 -1.039871E+01  2.988281E+01
485 535 -1.023744E+01  3.144562E+01
485 530 -1.012361E+01  3.310318E+01
485 525 -9.999043E+00  3.439957E+01
485 520 -9.895231E+00  3.596100E+01
485 515 -9.760921E+00  3.690170E+01
485 510 -9.598455E+00  3.777924E+01
485 505 -9.524870E+00  3.890945E+01
485 500 -9.398460E+00  3.992157E+01
485 495 -9.306961E+00  4.061371E+01
485 490 -9.221891E+00  4.136353E+01
485 485 -9.103844E+00  4.201859E+01
