665 485 -1.654094E+01  1.445636E+02
665 490 -1.669151E+01  1.466263E+02
665 495 -1.688062E+01  1.485461E+02
665 500 -1.706614E+01  1.507612E+02
665 505 -1.728047E+01  1.531398E+02
665 510 -1.747481E+01  1.557532E+02
665 515 -1.767922E+01  1.587167E+02
665 520 -1.786493E+01  1.616240E+02
665 525 -1.807048E+01  1.654404E+02
665 530 -1.820520E+01  1.695218E+02
665 535 -1.840134E+01  1.735991E+02
665 540 -1.852986E+01  1.783438E+02
665 545 -1.860634E+01 -1.768483E+02
665 550 -1.862329E+01 -1.716586E+02
665 555 -1.862311E+01 -1.663989E+02
665 560 -1.852435E+01 -1.610637E+02
665 565 -1.838907E+01 -1.554181E+02
665 570 -1.815661E+01 -1.502586E+02
665 575 -1.786465E+01 -1.450058E+02
665 580 -1.752681E+01 -1.400798E+02
665 585 -1.723008E+01 -1.355122E+02
665 590 -1.687102E+01 -1.311768E+02
665 595 -1.644448E+01 -1.271997E+02
665 600 -1.606475E+01 -1.235495E+02
665 605 -1.564538E+01 -1.201176E+02
665 610 -1.523919E+01 -1.170923E+02
665 615 -1.490415E+01 -1.140202E+02
665 620 -1.451128E+01 -1.117598E+02
665 625 -1.415129E+01 -1.091945E+02
665 630 -1.381727E+01 -1.072128E+02
665 635 -1.351594E+01 -1.052504E+02
665 640 -1.321039E+01 -1.036519E+02
665 645 -1.294292E+01 -1.020424E+02
665 650 -1.268078E+01 -1.005853E+02
665 655 -1.242121E+01 -9.940155E+01
665 660 -1.222599E+01 -9.816284E+01
665 665 -1.202627E+01 -9.694336E+01
