665 665 -1.200992E+01 -9.702576E+01
660 665 -1.225456E+01 -9.530502E+01
655 665 -1.248088E+01 -9.363647E+01
650 665 -1.275937E+01 -9.165070E+01
645 665 -1.299565E+01 -8.929688E+01
640 665 -1.327305E+01 -8.687164E+01
635 665 -1.349004E+01 -8.356201E+01
630 665 -1.371015E+01 -8.070831E+01
625 665 -1.390909E+01 -7.702103E+01
620 665 -1.409833E+01 -7.349854E+01
615 665 -1.418161E+01 -6.959564E+01
610 665 -1.423949E+01 -6.540024E+01
605 665 -1.423632E+01 -6.118011E+01
600 665 -1.415782E+01 -5.706985E+01
595 665 -1.403435E+01 -5.309555E+01
590 665 -1.384529E+01 -4.909103E+01
585 665 -1.370413E+01 -4.532135E+01
580 665 -1.341218E+01 -4.190460E+01
575 665 -1.310337E+01 -3.884491E+01
570 665 -1.283126E+01 -3.592117E+01
565 665 -1.248239E+01 -3.308395E+01
560 665 -1.218943E+01 -3.116272E+01
555 665 -1.190014E+01 -2.913025E+01
550 665 -1.154025E+01 -2.733810E+01
545 665 -1.122482E+01 -2.577393E+01
540 665 -1.098083E+01 -2.454758E+01
535 665 -1.073389E+01 -2.307816E+01
530 665 -1.050330E+01 -2.217590E+01
525 665 -1.024924E+01 -2.134369E+01
520 665 -1.000942E+01 -2.046753E+01
515 665 -9.787058E+00 -1.979050E+01
510 665 -9.605988E+00 -1.922195E+01
505 665 -9.488398E+00 -1.875092E+01
500 665 -9.290470E+00 -1.825104E+01
495 665 -9.111147E+00 -1.815216E+01
490 665 -8.967741E+00 -1.739822E+01
485 665 -8.825945E+00 -1.734604E+01
