485 485 -9.019693E+00  4.260635E+01
490 485 -9.120150E+00  4.319275E+01
495 485 -9.247065E+00  4.383545E+01
500 485 -9.353813E+00  4.451111E+01
505 485 -9.508333E+00  4.521011E+01
510 485 -9.669056E+00  4.613159E+01
515 485 -9.842913E+00  4.707092E+01
520 485 -1.001571E+01  4.815308E+01
525 485 -1.021750E+01  4.917755E+01
530 485 -1.043169E+01  5.050964E+01
535 485 -1.063894E+01  5.174149E+01
540 485 -1.090981E+01  5.335373E+01
545 485 -1.117705E+01  5.479980E+01
550 485 -1.141875E+01  5.652740E+01
555 485 -1.171650E+01  5.863678E+01
560 485 -1.202907E+01  6.046463E+01
565 485 -1.235465E+01  6.265228E+01
570 485 -1.268289E+01  6.514206E+01
575 485 -1.302909E+01  6.776230E+01
580 485 -1.339601E+01  7.062973E+01
585 485 -1.378328E+01  7.390503E+01
590 485 -1.416333E+01  7.704437E+01
595 485 -1.454968E+01  8.068497E+01
600 485 -1.488394E+01  8.469498E+01
605 485 -1.526587E+01  8.861710E+01
610 485 -1.557643E+01  9.319016E+01
615 485 -1.585823E+01  9.780029E+01
620 485 -1.612134E+01  1.026810E+02
625 485 -1.634958E+01  1.074559E+02
630 485 -1.650093E+01  1.126057E+02
635 485 -1.661710E+01  1.174013E+02
640 485 -1.664898E+01  1.224207E+02
645 485 -1.669698E+01  1.267506E+02
650 485 -1.669642E+01  1.311136E+02
655 485 -1.660575E+01  1.357100E+02
660 485 -1.645385E+01  1.396129E+02
665 485 -1.637673E+01  1.436819E+02
