490 490 -9.213165E+00  4.257889E+01
495 490 -9.370165E+00  4.332458E+01
500 490 -9.475445E+00  4.405243E+01
505 490 -9.627439E+00  4.478714E+01
510 490 -9.757662E+00  4.566605E+01
515 490 -9.943508E+00  4.649277E+01
520 490 -1.011603E+01  4.752686E+01
525 490 -1.034905E+01  4.869003E+01
530 490 -1.054299E+01  4.992874E+01
535 490 -1.077334E+01  5.130478E+01
540 490 -1.103149E+01  5.273849E+01
545 490 -1.129331E+01  5.436859E+01
550 490 -1.156946E+01  5.596985E+01
555 490 -1.182104E+01  5.773865E+01
560 490 -1.217992E+01  6.001282E+01
565 490 -1.252947E+01  6.218674E+01
570 490 -1.288142E+01  6.461334E+01
575 490 -1.320961E+01  6.750412E+01
580 490 -1.360400E+01  7.026718E+01
585 490 -1.401235E+01  7.351776E+01
590 490 -1.434886E+01  7.692902E+01
595 490 -1.476910E+01  8.057510E+01
600 490 -1.511604E+01  8.460159E+01
605 490 -1.548249E+01  8.877090E+01
610 490 -1.581671E+01  9.350189E+01
615 490 -1.615519E+01  9.777557E+01
620 490 -1.639354E+01  1.030971E+02
625 490 -1.656460E+01  1.081192E+02
630 490 -1.675490E+01  1.134352E+02
635 490 -1.689031E+01  1.183228E+02
640 490 -1.694038E+01  1.232529E+02
645 490 -1.691695E+01  1.282819E+02
650 490 -1.683914E+01  1.326022E+02
655 490 -1.684856E+01  1.371602E+02
660 490 -1.672385E+01  1.409930E+02
