490 660 -9.127682E+00 -1.656189E+01
490 655 -9.220560E+00 -1.550308E+01
490 650 -9.431303E+00 -1.446625E+01
490 645 -9.533276E+00 -1.353378E+01
490 640 -9.729549E+00 -1.210831E+01
490 635 -9.871254E+00 -1.074600E+01
490 630 -9.993713E+00 -9.258728E+00
490 625 -1.013257E+01 -7.728882E+00
490 620 -1.034290E+01 -5.872192E+00
490 615 -1.047285E+01 -4.184418E+00
490 610 -1.061294E+01 -1.866302E+00
490 605 -1.074312E+01  3.405762E-01
490 600 -1.083067E+01  2.658691E+00
490 595 -1.095510E+01  4.872437E+00
490 590 -1.101730E+01  7.408905E+00
490 585 -1.103852E+01  9.812164E+00
490 580 -1.109943E+01  1.236511E+01
490 575 -1.111261E+01  1.504166E+01
490 570 -1.106622E+01  1.729523E+01
490 565 -1.099787E+01  1.996353E+01
490 560 -1.091611E+01  2.198227E+01
490 555 -1.086020E+01  2.437866E+01
490 550 -1.076296E+01  2.639191E+01
490 545 -1.063935E+01  2.820602E+01
490 540 -1.052686E+01  3.024261E+01
490 535 -1.041759E+01  3.193588E+01
490 530 -1.026555E+01  3.357971E+01
490 525 -1.013069E+01  3.506287E+01
490 520 -1.000469E+01  3.640320E+01
490 515 -9.873045E+00  3.750320E+01
490 510 -9.778286E+00  3.857986E+01
490 505 -9.622707E+00  3.950684E+01
490 500 -9.526293E+00  4.054504E+01
490 495 -9.399885E+00  4.121796E+01
490 490 -9.329836E+00  4.185654E+01
