660 660 -1.247362E+01 -9.650528E+01
655 660 -1.274265E+01 -9.469803E+01
650 660 -1.300888E+01 -9.265457E+01
645 660 -1.325380E+01 -9.030212E+01
640 660 -1.351672E+01 -8.757477E+01
635 660 -1.378498E+01 -8.471420E+01
630 660 -1.403876E+01 -8.148972E+01
625 660 -1.423848E+01 -7.778458E+01
620 660 -1.439764E+01 -7.420029E+01
615 660 -1.449598E+01 -6.999252E+01
610 660 -1.455101E+01 -6.568176E+01
605 660 -1.458523E+01 -6.133804E+01
600 660 -1.450949E+01 -5.669907E+01
595 660 -1.437145E+01 -5.255035E+01
590 660 -1.419645E+01 -4.869003E+01
585 660 -1.393045E+01 -4.475006E+01
580 660 -1.365847E+01 -4.138550E+01
575 660 -1.337052E+01 -3.792068E+01
570 660 -1.304848E+01 -3.506424E+01
565 660 -1.275597E+01 -3.240829E+01
560 660 -1.242948E+01 -3.008469E+01
555 660 -1.213385E+01 -2.795746E+01
550 660 -1.181186E+01 -2.668304E+01
545 660 -1.146060E+01 -2.483597E+01
540 660 -1.117889E+01 -2.366867E+01
535 660 -1.087702E+01 -2.230637E+01
530 660 -1.062190E+01 -2.115417E+01
525 660 -1.038544E+01 -2.052795E+01
520 660 -1.018645E+01 -1.956253E+01
515 660 -9.948009E+00 -1.884705E+01
510 660 -9.790916E+00 -1.848450E+01
505 660 -9.615221E+00 -1.760971E+01
500 660 -9.399426E+00 -1.751083E+01
495 660 -9.260246E+00 -1.718811E+01
490 660 -9.083174E+00 -1.663055E+01
