660 490 -1.693018E+01  1.431038E+02
660 495 -1.706587E+01  1.445856E+02
660 500 -1.730803E+01  1.469572E+02
660 505 -1.748855E+01  1.494045E+02
660 510 -1.772070E+01  1.519093E+02
660 515 -1.799648E+01  1.544087E+02
660 520 -1.824411E+01  1.581729E+02
660 525 -1.846018E+01  1.614111E+02
660 530 -1.866114E+01  1.656010E+02
660 535 -1.888902E+01  1.701714E+02
660 540 -1.905488E+01  1.745975E+02
660 545 -1.920522E+01  1.799409E+02
660 550 -1.923889E+01 -1.745535E+02
660 555 -1.927160E+01 -1.684918E+02
660 560 -1.920596E+01 -1.629135E+02
660 565 -1.906912E+01 -1.569191E+02
660 570 -1.887790E+01 -1.510785E+02
660 575 -1.856192E+01 -1.453244E+02
660 580 -1.821710E+01 -1.401375E+02
660 585 -1.786043E+01 -1.349849E+02
660 590 -1.744381E+01 -1.302553E+02
660 595 -1.700997E+01 -1.261423E+02
660 600 -1.655293E+01 -1.223547E+02
660 605 -1.615689E+01 -1.187938E+02
660 610 -1.575557E+01 -1.157533E+02
660 615 -1.531571E+01 -1.128667E+02
660 620 -1.491402E+01 -1.101750E+02
660 625 -1.450691E+01 -1.076399E+02
660 630 -1.416930E+01 -1.057571E+02
660 635 -1.384680E+01 -1.036505E+02
660 640 -1.352531E+01 -1.019765E+02
660 645 -1.323166E+01 -1.004851E+02
660 650 -1.297563E+01 -9.884399E+01
660 655 -1.271831E+01 -9.763824E+01
660 660 -1.246820E+01 -9.642563E+01
