355 355 -7.237701E+00  4.171509E+01
360 355 -7.228606E+00  4.181808E+01
365 355 -7.245923E+00  4.184967E+01
370 355 -7.282349E+00  4.197876E+01
375 355 -7.282900E+00  4.199249E+01
380 355 -7.286529E+00  4.224380E+01
385 355 -7.274861E+00  4.231522E+01
390 355 -7.358047E+00  4.245941E+01
395 355 -7.321943E+00  4.258850E+01
400 355 -7.355474E+00  4.246628E+01
405 355 -7.392451E+00  4.273407E+01
410 355 -7.348768E+00  4.284119E+01
415 355 -7.402511E+00  4.341934E+01
420 355 -7.410365E+00  4.311996E+01
425 355 -7.449547E+00  4.326279E+01
430 355 -7.503427E+00  4.356766E+01
435 355 -7.541689E+00  4.378738E+01
440 355 -7.578206E+00  4.402908E+01
445 355 -7.600208E+00  4.453995E+01
450 355 -7.663092E+00  4.461685E+01
455 355 -7.716834E+00  4.478851E+01
460 355 -7.749125E+00  4.512085E+01
465 355 -7.857574E+00  4.578964E+01
470 355 -7.905666E+00  4.620575E+01
475 355 -7.926336E+00  4.658478E+01
480 355 -7.993262E+00  4.699265E+01
485 355 -8.105936E+00  4.755020E+01
490 355 -8.190823E+00  4.819016E+01
495 355 -8.298077E+00  4.885895E+01
500 355 -8.431192E+00  4.954147E+01
505 355 -8.540514E+00  5.036270E+01
510 355 -8.641981E+00  5.108780E+01
515 355 -8.780655E+00  5.209305E+01
520 355 -8.912209E+00  5.284836E+01
525 355 -9.087675E+00  5.394424E+01
530 355 -9.242975E+00  5.517334E+01
535 355 -9.430981E+00  5.646698E+01
540 355 -9.626200E+00  5.781006E+01
545 355 -9.830833E+00  5.940994E+01
550 355 -1.005591E+01  6.081482E+01
555 355 -1.028305E+01  6.263443E+01
560 355 -1.053320E+01  6.432495E+01
565 355 -1.079075E+01  6.629837E+01
570 355 -1.106341E+01  6.845444E+01
575 355 -1.133222E+01  7.076706E+01
580 355 -1.163391E+01  7.325958E+01
585 355 -1.191870E+01  7.575485E+01
590 355 -1.217790E+01  7.842178E+01
595 355 -1.248740E+01  8.148285E+01
600 355 -1.275891E+01  8.449585E+01
605 355 -1.304839E+01  8.760498E+01
610 355 -1.331425E+01  9.125931E+01
615 355 -1.353992E+01  9.450302E+01
620 355 -1.381437E+01  9.808182E+01
625 355 -1.399374E+01  1.017609E+02
630 355 -1.420504E+01  1.054948E+02
635 355 -1.438326E+01  1.090173E+02
640 355 -1.452331E+01  1.126758E+02
645 355 -1.467117E+01  1.165169E+02
650 355 -1.469772E+01  1.199995E+02
655 355 -1.476240E+01  1.234190E+02
660 355 -1.478628E+01  1.265872E+02
665 355 -1.481871E+01  1.297252E+02
670 355 -1.479133E+01  1.327780E+02
675 355 -1.480364E+01  1.355287E+02
680 355 -1.474816E+01  1.381105E+02
685 355 -1.474104E+01  1.402721E+02
690 355 -1.471224E+01  1.428044E+02
695 355 -1.461697E+01  1.447476E+02
700 355 -1.455877E+01  1.468419E+02
705 355 -1.454582E+01  1.486313E+02
710 355 -1.451164E+01  1.504014E+02
715 355 -1.442115E+01  1.516690E+02
720 355 -1.435510E+01  1.529585E+02
725 355 -1.433806E+01  1.544197E+02
730 355 -1.427986E+01  1.550610E+02
735 355 -1.424881E+01  1.563615E+02
740 355 -1.412323E+01  1.572377E+02
745 355 -1.413191E+01  1.581043E+02
750 355 -1.410582E+01  1.588911E+02
755 355 -1.405033E+01  1.595338E+02
760 355 -1.399181E+01  1.605775E+02
765 355 -1.400486E+01  1.609209E+02
770 355 -1.395791E+01  1.618506E+02
775 355 -1.395121E+01  1.621294E+02
780 355 -1.388745E+01  1.625345E+02
785 355 -1.390321E+01  1.630687E+02
790 355 -1.391662E+01  1.635219E+02
795 355 -1.388796E+01  1.637224E+02
