795 795 -7.940805E+00 -9.835373E+01
790 795 -7.973878E+00 -9.823837E+01
785 795 -7.984948E+00 -9.813126E+01
780 795 -8.009521E+00 -9.806396E+01
775 795 -8.046959E+00 -9.798981E+01
770 795 -8.107224E+00 -9.777832E+01
765 795 -8.127159E+00 -9.777420E+01
760 795 -8.147966E+00 -9.761078E+01
755 795 -8.224216E+00 -9.745010E+01
750 795 -8.228809E+00 -9.719193E+01
745 795 -8.314337E+00 -9.701752E+01
740 795 -8.357424E+00 -9.675110E+01
735 795 -8.409880E+00 -9.649841E+01
730 795 -8.480572E+00 -9.614548E+01
725 795 -8.577536E+00 -9.575409E+01
720 795 -8.625490E+00 -9.540390E+01
715 795 -8.714693E+00 -9.484085E+01
710 795 -8.800268E+00 -9.446594E+01
705 795 -8.897831E+00 -9.381088E+01
700 795 -9.008255E+00 -9.324509E+01
695 795 -9.111238E+00 -9.270126E+01
690 795 -9.254734E+00 -9.187454E+01
685 795 -9.357166E+00 -9.098602E+01
680 795 -9.509987E+00 -9.004669E+01
675 795 -9.653851E+00 -8.906479E+01
670 795 -9.781271E+00 -8.782608E+01
665 795 -9.931519E+00 -8.648438E+01
660 795 -1.010676E+01 -8.502319E+01
655 795 -1.025310E+01 -8.346725E+01
650 795 -1.038791E+01 -8.188934E+01
645 795 -1.053160E+01 -7.986649E+01
640 795 -1.064799E+01 -7.781204E+01
635 795 -1.078147E+01 -7.546509E+01
630 795 -1.088606E+01 -7.313324E+01
625 795 -1.098524E+01 -7.056793E+01
620 795 -1.107660E+01 -6.787354E+01
615 795 -1.109442E+01 -6.519424E+01
610 795 -1.110429E+01 -6.239822E+01
605 795 -1.110048E+01 -5.931381E+01
600 795 -1.104610E+01 -5.659195E+01
595 795 -1.099217E+01 -5.389206E+01
590 795 -1.083903E+01 -5.076782E+01
585 795 -1.074321E+01 -4.846619E+01
580 795 -1.054744E+01 -4.558777E+01
575 795 -1.037730E+01 -4.323395E+01
570 795 -1.021020E+01 -4.118225E+01
565 795 -9.926834E+00 -3.941757E+01
560 795 -9.771671E+00 -3.748535E+01
555 795 -9.564419E+00 -3.595139E+01
550 795 -9.313896E+00 -3.434601E+01
545 795 -9.180414E+00 -3.292603E+01
540 795 -8.978352E+00 -3.192215E+01
535 795 -8.778128E+00 -3.056534E+01
530 795 -8.635826E+00 -2.928955E+01
525 795 -8.421959E+00 -2.873886E+01
520 795 -8.250353E+00 -2.786133E+01
515 795 -8.089170E+00 -2.718567E+01
510 795 -7.978242E+00 -2.628204E+01
505 795 -7.822297E+00 -2.604584E+01
500 795 -7.692948E+00 -2.520264E+01
495 795 -7.568928E+00 -2.532486E+01
490 795 -7.485283E+00 -2.478516E+01
485 795 -7.339995E+00 -2.432510E+01
480 795 -7.315467E+00 -2.423035E+01
475 795 -7.204767E+00 -2.398865E+01
470 795 -7.086626E+00 -2.385544E+01
465 795 -7.041059E+00 -2.350525E+01
460 795 -6.988236E+00 -2.303558E+01
455 795 -6.933392E+00 -2.290375E+01
450 795 -6.825264E+00 -2.290924E+01
445 795 -6.815756E+00 -2.233795E+01
440 795 -6.774692E+00 -2.244095E+01
435 795 -6.691184E+00 -2.232285E+01
430 795 -6.652967E+00 -2.239838E+01
425 795 -6.623616E+00 -2.224045E+01
420 795 -6.606896E+00 -2.242447E+01
415 795 -6.575432E+00 -2.237503E+01
410 795 -6.535423E+00 -2.198776E+01
405 795 -6.549571E+00 -2.213882E+01
400 795 -6.512640E+00 -2.189987E+01
395 795 -6.502122E+00 -2.182571E+01
390 795 -6.474837E+00 -2.204407E+01
385 795 -6.485448E+00 -2.155518E+01
380 795 -6.425642E+00 -2.180923E+01
375 795 -6.430373E+00 -2.196167E+01
370 795 -6.434140E+00 -2.150162E+01
365 795 -6.443603E+00 -2.183533E+01
360 795 -6.367398E+00 -2.178314E+01
355 795 -6.362576E+00 -2.158401E+01
