795 355 -1.385094E+01  1.636056E+02
795 360 -1.386416E+01  1.638803E+02
795 365 -1.387009E+01  1.640561E+02
795 370 -1.388121E+01  1.642236E+02
795 375 -1.383403E+01  1.646343E+02
795 380 -1.386458E+01  1.646782E+02
795 385 -1.386568E+01  1.650091E+02
795 390 -1.390450E+01  1.650600E+02
795 395 -1.389104E+01  1.654225E+02
795 400 -1.391240E+01  1.660295E+02
795 405 -1.395254E+01  1.662465E+02
795 410 -1.396035E+01  1.664813E+02
795 415 -1.389489E+01  1.669427E+02
795 420 -1.393141E+01  1.676321E+02
795 425 -1.394165E+01  1.680290E+02
795 430 -1.393950E+01  1.683861E+02
795 435 -1.396609E+01  1.689065E+02
795 440 -1.400844E+01  1.693529E+02
795 445 -1.395530E+01  1.705957E+02
795 450 -1.399347E+01  1.711903E+02
795 455 -1.400633E+01  1.718262E+02
795 460 -1.404381E+01  1.732036E+02
795 465 -1.402585E+01  1.739987E+02
795 470 -1.399843E+01  1.751097E+02
795 475 -1.399930E+01  1.763924E+02
795 480 -1.402741E+01  1.774415E+02
795 485 -1.398299E+01  1.788190E+02
795 490 -1.400936E+01 -1.798077E+02
795 495 -1.401529E+01 -1.778398E+02
795 500 -1.398823E+01 -1.765942E+02
795 505 -1.395994E+01 -1.746758E+02
795 510 -1.392177E+01 -1.723824E+02
795 515 -1.390027E+01 -1.706149E+02
795 520 -1.386821E+01 -1.686841E+02
795 525 -1.376435E+01 -1.661517E+02
795 530 -1.372742E+01 -1.638116E+02
795 535 -1.363073E+01 -1.613026E+02
795 540 -1.352779E+01 -1.587744E+02
795 545 -1.342798E+01 -1.560937E+02
795 550 -1.333106E+01 -1.536026E+02
795 555 -1.316446E+01 -1.511540E+02
795 560 -1.301421E+01 -1.482220E+02
795 565 -1.285868E+01 -1.458449E+02
795 570 -1.269093E+01 -1.431010E+02
795 575 -1.250279E+01 -1.404355E+02
795 580 -1.231988E+01 -1.379072E+02
795 585 -1.210294E+01 -1.353653E+02
795 590 -1.192246E+01 -1.329153E+02
795 595 -1.171131E+01 -1.308348E+02
795 600 -1.150176E+01 -1.286197E+02
795 605 -1.129960E+01 -1.263387E+02
795 610 -1.110994E+01 -1.244147E+02
795 615 -1.089539E+01 -1.224756E+02
795 620 -1.072047E+01 -1.206491E+02
795 625 -1.055332E+01 -1.189627E+02
795 630 -1.035948E+01 -1.173587E+02
795 635 -1.019164E+01 -1.158344E+02
795 640 -1.005049E+01 -1.145201E+02
795 645 -9.878052E+00 -1.132526E+02
795 650 -9.805845E+00 -1.125618E+02
795 655 -9.659685E+00 -1.114906E+02
795 660 -9.529922E+00 -1.104497E+02
795 665 -9.441362E+00 -1.095612E+02
795 670 -9.302505E+00 -1.085381E+02
795 675 -9.200119E+00 -1.077525E+02
795 680 -9.106920E+00 -1.069231E+02
795 685 -9.002743E+00 -1.061897E+02
795 690 -8.894295E+00 -1.054742E+02
795 695 -8.834396E+00 -1.048796E+02
795 700 -8.744322E+00 -1.042273E+02
795 705 -8.677948E+00 -1.037302E+02
795 710 -8.623056E+00 -1.032619E+02
795 715 -8.549150E+00 -1.026714E+02
795 720 -8.486128E+00 -1.023788E+02
795 725 -8.405285E+00 -1.019380E+02
795 730 -8.371111E+00 -1.015398E+02
795 735 -8.344011E+00 -1.012061E+02
795 740 -8.313602E+00 -1.009232E+02
795 745 -8.235516E+00 -1.005167E+02
795 750 -8.219667E+00 -1.001596E+02
795 755 -8.163078E+00 -9.993713E+01
795 760 -8.138504E+00 -9.965424E+01
795 765 -8.108877E+00 -9.945786E+01
795 770 -8.057430E+00 -9.919968E+01
795 775 -8.035200E+00 -9.898407E+01
795 780 -8.015127E+00 -9.895111E+01
795 785 -7.962119E+00 -9.869843E+01
795 790 -7.967172E+00 -9.840042E+01
795 795 -7.956147E+00 -9.823563E+01
