355 795 -6.389769E+00 -2.169937E+01
355 790 -6.394407E+00 -2.158951E+01
355 785 -6.428307E+00 -2.099350E+01
355 780 -6.448931E+00 -2.134918E+01
355 775 -6.441673E+00 -2.128189E+01
355 770 -6.499228E+00 -2.122833E+01
355 765 -6.544105E+00 -2.086990E+01
355 760 -6.595045E+00 -2.085205E+01
355 755 -6.594908E+00 -2.065430E+01
355 750 -6.664175E+00 -2.059387E+01
355 745 -6.687785E+00 -2.003357E+01
355 740 -6.663164E+00 -2.016266E+01
355 735 -6.770970E+00 -1.958038E+01
355 730 -6.783694E+00 -1.926315E+01
355 725 -6.873861E+00 -1.920547E+01
355 720 -6.916305E+00 -1.911896E+01
355 715 -7.017588E+00 -1.872208E+01
355 710 -7.049833E+00 -1.858749E+01
355 705 -7.095859E+00 -1.789673E+01
355 700 -7.179595E+00 -1.774155E+01
355 695 -7.267925E+00 -1.741196E+01
355 690 -7.358506E+00 -1.676926E+01
355 685 -7.413260E+00 -1.633392E+01
355 680 -7.513303E+00 -1.592880E+01
355 675 -7.577196E+00 -1.524490E+01
355 670 -7.661208E+00 -1.451843E+01
355 665 -7.758174E+00 -1.393204E+01
355 660 -7.924500E+00 -1.295837E+01
355 655 -7.962073E+00 -1.213028E+01
355 650 -8.098495E+00 -1.122391E+01
355 645 -8.186550E+00 -1.029556E+01
355 640 -8.319344E+00 -9.422150E+00
355 635 -8.441711E+00 -7.995300E+00
355 630 -8.572760E+00 -6.650848E+00
355 625 -8.700914E+00 -5.244598E+00
355 620 -8.769953E+00 -3.821869E+00
355 615 -8.893330E+00 -2.263184E+00
355 610 -8.971645E+00 -7.882690E-01
355 605 -9.082529E+00  1.278534E+00
355 600 -9.171549E+00  2.808380E+00
355 595 -9.241459E+00  4.925995E+00
355 590 -9.258915E+00  6.963959E+00
355 585 -9.328871E+00  8.742371E+00
355 580 -9.340172E+00  1.090942E+01
355 575 -9.337093E+00  1.282379E+01
355 570 -9.354273E+00  1.484116E+01
355 565 -9.314907E+00  1.681732E+01
355 560 -9.275681E+00  1.860672E+01
355 555 -9.225245E+00  2.038101E+01
355 550 -9.160479E+00  2.216217E+01
355 545 -9.097458E+00  2.383621E+01
355 540 -9.010414E+00  2.536880E+01
355 535 -8.933292E+00  2.670502E+01
355 530 -8.828104E+00  2.813324E+01
355 525 -8.751900E+00  2.950516E+01
355 520 -8.625032E+00  3.043213E+01
355 515 -8.571932E+00  3.175186E+01
355 510 -8.457466E+00  3.260056E+01
355 505 -8.359261E+00  3.328033E+01
355 500 -8.274237E+00  3.440918E+01
355 495 -8.213467E+00  3.502853E+01
355 490 -8.129868E+00  3.570007E+01
355 485 -8.056328E+00  3.626587E+01
355 480 -7.945032E+00  3.694702E+01
355 475 -7.915221E+00  3.742081E+01
355 470 -7.901073E+00  3.785339E+01
355 465 -7.788536E+00  3.807175E+01
355 460 -7.719498E+00  3.866638E+01
355 455 -7.701675E+00  3.902618E+01
355 450 -7.658085E+00  3.928024E+01
355 445 -7.628182E+00  3.937500E+01
355 440 -7.564794E+00  3.988586E+01
355 435 -7.551060E+00  4.012482E+01
355 430 -7.490657E+00  4.037338E+01
355 425 -7.484823E+00  4.039673E+01
355 420 -7.455472E+00  4.058487E+01
355 415 -7.432230E+00  4.086777E+01
355 410 -7.401730E+00  4.087051E+01
355 405 -7.395850E+00  4.099548E+01
355 400 -7.346426E+00  4.099823E+01
355 395 -7.331543E+00  4.133881E+01
355 390 -7.321989E+00  4.134842E+01
355 385 -7.329201E+00  4.155304E+01
355 380 -7.280052E+00  4.155441E+01
355 375 -7.301503E+00  4.157501E+01
355 370 -7.274219E+00  4.158875E+01
355 365 -7.257866E+00  4.179474E+01
355 360 -7.276378E+00  4.183456E+01
355 355 -7.235542E+00  4.176315E+01
