655 495 -1.720468E+01  1.405289E+02
655 500 -1.745640E+01  1.428923E+02
655 505 -1.766103E+01  1.450017E+02
655 510 -1.796929E+01  1.474777E+02
655 515 -1.827011E+01  1.498975E+02
655 520 -1.859146E+01  1.537221E+02
655 525 -1.890128E+01  1.571759E+02
655 530 -1.912966E+01  1.615265E+02
655 535 -1.938602E+01  1.661407E+02
655 540 -1.962051E+01  1.706067E+02
655 545 -1.979106E+01  1.765585E+02
655 550 -2.000061E+01 -1.777313E+02
655 555 -2.006432E+01 -1.712727E+02
655 560 -1.996276E+01 -1.650833E+02
655 565 -1.987333E+01 -1.581688E+02
655 570 -1.968353E+01 -1.520329E+02
655 575 -1.936167E+01 -1.457199E+02
655 580 -1.897900E+01 -1.398477E+02
655 585 -1.858370E+01 -1.343779E+02
655 590 -1.810636E+01 -1.291978E+02
655 595 -1.760205E+01 -1.251521E+02
655 600 -1.716155E+01 -1.209842E+02
655 605 -1.668021E+01 -1.171376E+02
655 610 -1.624334E+01 -1.138925E+02
655 615 -1.577325E+01 -1.108397E+02
655 620 -1.532627E+01 -1.082304E+02
655 625 -1.492550E+01 -1.058986E+02
655 630 -1.455298E+01 -1.038098E+02
655 635 -1.418441E+01 -1.018707E+02
655 640 -1.387179E+01 -1.000978E+02
655 645 -1.352522E+01 -9.856384E+01
655 650 -1.326712E+01 -9.717407E+01
655 655 -1.298036E+01 -9.582275E+01
