495 495 -9.445084E+00  4.255966E+01
500 495 -9.583435E+00  4.338226E+01
505 495 -9.743145E+00  4.414719E+01
510 495 -9.879248E+00  4.490112E+01
515 495 -1.005972E+01  4.602997E+01
520 495 -1.025223E+01  4.679489E+01
525 495 -1.043366E+01  4.815994E+01
530 495 -1.064381E+01  4.925171E+01
535 495 -1.089925E+01  5.061951E+01
540 495 -1.115730E+01  5.211914E+01
545 495 -1.142418E+01  5.365997E+01
550 495 -1.169730E+01  5.547272E+01
555 495 -1.202646E+01  5.737198E+01
560 495 -1.234542E+01  5.940582E+01
565 495 -1.269047E+01  6.166351E+01
570 495 -1.304517E+01  6.404068E+01
575 495 -1.345219E+01  6.689163E+01
580 495 -1.383164E+01  6.979889E+01
585 495 -1.425129E+01  7.297394E+01
590 495 -1.461297E+01  7.659119E+01
595 495 -1.501788E+01  8.038559E+01
600 495 -1.538994E+01  8.439148E+01
605 495 -1.580238E+01  8.892334E+01
610 495 -1.614495E+01  9.339478E+01
615 495 -1.642009E+01  9.854874E+01
620 495 -1.669344E+01  1.034061E+02
625 495 -1.690744E+01  1.087688E+02
630 495 -1.708985E+01  1.142111E+02
635 495 -1.709995E+01  1.194351E+02
640 495 -1.720133E+01  1.247841E+02
645 495 -1.716982E+01  1.296194E+02
650 495 -1.711341E+01  1.341691E+02
655 495 -1.701171E+01  1.389070E+02
