655 655 -1.298284E+01 -9.556046E+01
650 655 -1.328494E+01 -9.367905E+01
645 655 -1.356849E+01 -9.129639E+01
640 655 -1.379563E+01 -8.868164E+01
635 655 -1.406898E+01 -8.568100E+01
630 655 -1.431248E+01 -8.244278E+01
625 655 -1.454816E+01 -7.866486E+01
620 655 -1.476299E+01 -7.487183E+01
615 655 -1.486653E+01 -7.040039E+01
610 655 -1.495982E+01 -6.586853E+01
605 655 -1.497167E+01 -6.145752E+01
600 655 -1.491007E+01 -5.673477E+01
595 655 -1.471035E+01 -5.264099E+01
590 655 -1.456580E+01 -4.822998E+01
585 655 -1.428887E+01 -4.399063E+01
580 655 -1.402071E+01 -4.041321E+01
575 655 -1.370905E+01 -3.705551E+01
570 655 -1.332615E+01 -3.391891E+01
565 655 -1.304995E+01 -3.152939E+01
560 655 -1.267086E+01 -2.921814E+01
555 655 -1.233867E+01 -2.701950E+01
550 655 -1.201157E+01 -2.536743E+01
545 655 -1.171778E+01 -2.391861E+01
540 655 -1.138518E+01 -2.255493E+01
535 655 -1.110990E+01 -2.143433E+01
530 655 -1.081937E+01 -1.999237E+01
525 655 -1.053927E+01 -1.931946E+01
520 655 -1.033004E+01 -1.853256E+01
515 655 -1.010864E+01 -1.793655E+01
510 655 -9.881544E+00 -1.705490E+01
505 655 -9.729181E+00 -1.685852E+01
500 655 -9.538605E+00 -1.642456E+01
495 655 -9.406866E+00 -1.607025E+01
