495 655 -9.424505E+00 -1.609497E+01
495 650 -9.505854E+00 -1.512131E+01
495 645 -9.699371E+00 -1.376038E+01
495 640 -9.870842E+00 -1.255325E+01
495 635 -1.003427E+01 -1.110443E+01
495 630 -1.017423E+01 -9.486694E+00
495 625 -1.033381E+01 -7.958221E+00
495 620 -1.049310E+01 -6.093292E+00
495 615 -1.065924E+01 -4.161072E+00
495 610 -1.078469E+01 -2.198639E+00
495 605 -1.092391E+01  2.375793E-01
495 600 -1.101238E+01  2.485657E+00
495 595 -1.110439E+01  4.938354E+00
495 590 -1.118684E+01  7.351227E+00
495 585 -1.122188E+01  9.887695E+00
495 580 -1.128293E+01  1.257248E+01
495 575 -1.127724E+01  1.513367E+01
495 570 -1.123626E+01  1.780884E+01
495 565 -1.118178E+01  2.020248E+01
495 560 -1.106640E+01  2.258514E+01
495 555 -1.105721E+01  2.479340E+01
495 550 -1.094215E+01  2.690002E+01
495 545 -1.079668E+01  2.892288E+01
495 540 -1.068488E+01  3.072189E+01
495 535 -1.053757E+01  3.245224E+01
495 530 -1.040620E+01  3.421692E+01
495 525 -1.030418E+01  3.566025E+01
495 520 -1.014575E+01  3.695663E+01
495 515 -1.002724E+01  3.811157E+01
495 510 -9.900606E+00  3.921844E+01
495 505 -9.762852E+00  4.021408E+01
495 500 -9.652840E+00  4.115204E+01
495 495 -9.548433E+00  4.187714E+01
