650 650 -1.356528E+01 -9.495346E+01
645 650 -1.385590E+01 -9.252960E+01
640 650 -1.414344E+01 -8.989838E+01
635 650 -1.443268E+01 -8.668762E+01
630 650 -1.469804E+01 -8.325989E+01
625 650 -1.493694E+01 -7.937759E+01
620 650 -1.513689E+01 -7.521240E+01
615 650 -1.530721E+01 -7.066544E+01
610 650 -1.540422E+01 -6.581909E+01
605 650 -1.537033E+01 -6.114166E+01
600 650 -1.527217E+01 -5.657959E+01
595 650 -1.513363E+01 -5.216858E+01
590 650 -1.494636E+01 -4.763535E+01
585 650 -1.470498E+01 -4.303345E+01
580 650 -1.439144E+01 -3.957962E+01
575 650 -1.402163E+01 -3.615875E+01
570 650 -1.365756E+01 -3.310043E+01
565 650 -1.329422E+01 -3.050766E+01
560 650 -1.292505E+01 -2.796021E+01
555 650 -1.257256E+01 -2.612000E+01
550 650 -1.223375E+01 -2.404221E+01
545 650 -1.186996E+01 -2.236404E+01
540 650 -1.157690E+01 -2.128326E+01
535 650 -1.127563E+01 -2.020935E+01
530 650 -1.099984E+01 -1.919037E+01
525 650 -1.074445E+01 -1.793243E+01
520 650 -1.051717E+01 -1.740921E+01
515 650 -1.029775E+01 -1.674042E+01
510 650 -1.007621E+01 -1.623505E+01
505 650 -9.923849E+00 -1.576263E+01
500 650 -9.700979E+00 -1.533966E+01
