650 500 -1.765010E+01  1.379924E+02
650 505 -1.789667E+01  1.400620E+02
650 510 -1.820557E+01  1.423704E+02
650 515 -1.850607E+01  1.453175E+02
650 520 -1.889797E+01  1.487659E+02
650 525 -1.927279E+01  1.519560E+02
650 530 -1.957131E+01  1.562489E+02
650 535 -1.997365E+01  1.610156E+02
650 540 -2.028090E+01  1.660391E+02
650 545 -2.056592E+01  1.719676E+02
650 550 -2.074556E+01  1.785882E+02
650 555 -2.088355E+01 -1.746496E+02
650 560 -2.092185E+01 -1.676555E+02
650 565 -2.080426E+01 -1.599582E+02
650 570 -2.058966E+01 -1.531439E+02
650 575 -2.029495E+01 -1.460110E+02
650 580 -1.988467E+01 -1.395126E+02
650 585 -1.940935E+01 -1.335031E+02
650 590 -1.889931E+01 -1.281335E+02
650 595 -1.838673E+01 -1.231732E+02
650 600 -1.780609E+01 -1.187663E+02
650 605 -1.728860E+01 -1.151024E+02
650 610 -1.677157E+01 -1.118353E+02
650 615 -1.625946E+01 -1.087839E+02
650 620 -1.579879E+01 -1.061046E+02
650 625 -1.533032E+01 -1.037343E+02
650 630 -1.495160E+01 -1.015521E+02
650 635 -1.454559E+01 -9.976959E+01
650 640 -1.418703E+01 -9.802551E+01
650 645 -1.388226E+01 -9.628418E+01
650 650 -1.355614E+01 -9.508804E+01
