500 650 -9.720684E+00 -1.548248E+01
500 645 -9.854902E+00 -1.403229E+01
500 640 -1.001668E+01 -1.284302E+01
500 635 -1.012981E+01 -1.133789E+01
500 630 -1.038314E+01 -9.979706E+00
500 625 -1.052200E+01 -7.973328E+00
500 620 -1.072474E+01 -6.234741E+00
500 615 -1.084381E+01 -4.257202E+00
500 610 -1.096842E+01 -2.459564E+00
500 605 -1.112855E+01  2.636719E-01
500 600 -1.126938E+01  2.617493E+00
500 595 -1.137617E+01  4.968567E+00
500 590 -1.139257E+01  7.511902E+00
500 585 -1.142909E+01  1.004700E+01
500 580 -1.147365E+01  1.276611E+01
500 575 -1.151999E+01  1.558136E+01
500 570 -1.143773E+01  1.807800E+01
500 565 -1.137420E+01  2.066940E+01
500 560 -1.130351E+01  2.302597E+01
500 555 -1.123819E+01  2.509827E+01
500 550 -1.112069E+01  2.750977E+01
500 545 -1.097586E+01  2.956558E+01
500 540 -1.084785E+01  3.151154E+01
500 535 -1.072966E+01  3.326385E+01
500 530 -1.058837E+01  3.487747E+01
500 525 -1.044124E+01  3.614227E+01
500 520 -1.032609E+01  3.771469E+01
500 515 -1.014185E+01  3.888748E+01
500 510 -1.003786E+01  3.991470E+01
500 505 -9.902397E+00  4.087189E+01
500 500 -9.821646E+00  4.182770E+01
