500 500 -9.700014E+00  4.255280E+01
505 500 -9.845440E+00  4.343719E+01
510 500 -9.981266E+00  4.435593E+01
515 500 -1.016564E+01  4.517853E+01
520 500 -1.035691E+01  4.623322E+01
525 500 -1.057955E+01  4.734970E+01
530 500 -1.081487E+01  4.862137E+01
535 500 -1.104812E+01  4.993561E+01
540 500 -1.129800E+01  5.134186E+01
545 500 -1.156721E+01  5.289642E+01
550 500 -1.189137E+01  5.472839E+01
555 500 -1.218768E+01  5.660156E+01
560 500 -1.254307E+01  5.863815E+01
565 500 -1.288027E+01  6.094254E+01
570 500 -1.328384E+01  6.355179E+01
575 500 -1.366224E+01  6.632996E+01
580 500 -1.408974E+01  6.939102E+01
585 500 -1.451174E+01  7.244522E+01
590 500 -1.491343E+01  7.619705E+01
595 500 -1.530046E+01  7.991180E+01
600 500 -1.570109E+01  8.430908E+01
605 500 -1.612138E+01  8.882996E+01
610 500 -1.647043E+01  9.367767E+01
615 500 -1.676326E+01  9.882202E+01
620 500 -1.704038E+01  1.040240E+02
625 500 -1.722103E+01  1.096243E+02
630 500 -1.740481E+01  1.151587E+02
635 500 -1.746384E+01  1.207892E+02
640 500 -1.747766E+01  1.257097E+02
645 500 -1.742741E+01  1.310216E+02
650 500 -1.734886E+01  1.363280E+02
