505 645 -1.006716E+01 -1.467224E+01
505 640 -1.022228E+01 -1.313690E+01
505 635 -1.042195E+01 -1.194763E+01
505 630 -1.056425E+01 -1.014725E+01
505 625 -1.071345E+01 -8.462219E+00
505 620 -1.088767E+01 -6.785431E+00
505 615 -1.102074E+01 -4.625244E+00
505 610 -1.119037E+01 -2.108002E+00
505 605 -1.129974E+01  2.210999E-01
505 600 -1.146051E+01  2.356567E+00
505 595 -1.155591E+01  5.138855E+00
505 590 -1.161356E+01  7.586060E+00
505 585 -1.170387E+01  1.055099E+01
505 580 -1.168636E+01  1.308884E+01
505 575 -1.171291E+01  1.594940E+01
505 570 -1.168793E+01  1.853668E+01
505 565 -1.161264E+01  2.114868E+01
505 560 -1.151912E+01  2.355743E+01
505 555 -1.144204E+01  2.592224E+01
505 550 -1.133295E+01  2.810852E+01
505 545 -1.120053E+01  3.024673E+01
505 540 -1.106791E+01  3.232040E+01
505 535 -1.090439E+01  3.397385E+01
505 530 -1.075777E+01  3.551743E+01
505 525 -1.064712E+01  3.699783E+01
505 520 -1.047381E+01  3.825989E+01
505 515 -1.032618E+01  3.955627E+01
505 510 -1.018264E+01  4.080734E+01
505 505 -1.005476E+01  4.179749E+01
