505 505 -9.959354E+00  4.252670E+01
510 505 -1.010575E+01  4.334930E+01
515 505 -1.029476E+01  4.442871E+01
520 505 -1.047661E+01  4.543259E+01
525 505 -1.071193E+01  4.657104E+01
530 505 -1.095014E+01  4.766830E+01
535 505 -1.120149E+01  4.904709E+01
540 505 -1.145601E+01  5.057693E+01
545 505 -1.175356E+01  5.214523E+01
550 505 -1.205227E+01  5.382751E+01
555 505 -1.238919E+01  5.598495E+01
560 505 -1.274238E+01  5.778122E+01
565 505 -1.309859E+01  6.026962E+01
570 505 -1.348857E+01  6.283218E+01
575 505 -1.391736E+01  6.562683E+01
580 505 -1.431551E+01  6.859589E+01
585 505 -1.473902E+01  7.191513E+01
590 505 -1.519831E+01  7.565735E+01
595 505 -1.566522E+01  7.983627E+01
600 505 -1.607201E+01  8.389572E+01
605 505 -1.644770E+01  8.884094E+01
610 505 -1.681911E+01  9.375458E+01
615 505 -1.712168E+01  9.943451E+01
620 505 -1.742879E+01  1.048247E+02
625 505 -1.758244E+01  1.106090E+02
630 505 -1.776025E+01  1.166748E+02
635 505 -1.781243E+01  1.220320E+02
640 505 -1.776668E+01  1.276831E+02
645 505 -1.775248E+01  1.328316E+02
