645 505 -1.808174E+01  1.350233E+02
645 510 -1.837824E+01  1.371355E+02
645 515 -1.878521E+01  1.398299E+02
645 520 -1.921804E+01  1.428511E+02
645 525 -1.961224E+01  1.464368E+02
645 530 -2.002468E+01  1.504495E+02
645 535 -2.049242E+01  1.554703E+02
645 540 -2.092594E+01  1.607739E+02
645 545 -2.132607E+01  1.666859E+02
645 550 -2.169597E+01  1.736911E+02
645 555 -2.184562E+01 -1.788121E+02
645 560 -2.206440E+01 -1.715364E+02
645 565 -2.198655E+01 -1.627007E+02
645 570 -2.173635E+01 -1.542068E+02
645 575 -2.144871E+01 -1.462967E+02
645 580 -2.091900E+01 -1.390224E+02
645 585 -2.037428E+01 -1.322301E+02
645 590 -1.976070E+01 -1.263991E+02
645 595 -1.911997E+01 -1.212383E+02
645 600 -1.853629E+01 -1.167558E+02
645 605 -1.787260E+01 -1.126538E+02
645 610 -1.734156E+01 -1.091656E+02
645 615 -1.676987E+01 -1.061815E+02
645 620 -1.625110E+01 -1.035709E+02
645 625 -1.581051E+01 -1.009959E+02
645 630 -1.532834E+01 -9.900879E+01
645 635 -1.495288E+01 -9.713287E+01
645 640 -1.454380E+01 -9.547119E+01
645 645 -1.421813E+01 -9.399765E+01
