645 645 -1.420164E+01 -9.387268E+01
640 645 -1.450347E+01 -9.101349E+01
635 645 -1.482629E+01 -8.780685E+01
630 645 -1.508967E+01 -8.445602E+01
625 645 -1.538769E+01 -8.020569E+01
620 645 -1.555925E+01 -7.589493E+01
615 645 -1.575741E+01 -7.133972E+01
610 645 -1.586668E+01 -6.631622E+01
605 645 -1.585460E+01 -6.154953E+01
600 645 -1.577339E+01 -5.634201E+01
595 645 -1.559365E+01 -5.132263E+01
590 645 -1.536082E+01 -4.675095E+01
585 645 -1.511980E+01 -4.225342E+01
580 645 -1.473755E+01 -3.857437E+01
575 645 -1.432920E+01 -3.499146E+01
570 645 -1.402139E+01 -3.201553E+01
565 645 -1.362040E+01 -2.907257E+01
560 645 -1.328646E+01 -2.673111E+01
555 645 -1.285840E+01 -2.447754E+01
550 645 -1.247964E+01 -2.281723E+01
545 645 -1.214386E+01 -2.107864E+01
540 645 -1.181603E+01 -1.972870E+01
535 645 -1.151026E+01 -1.861221E+01
530 645 -1.122400E+01 -1.818787E+01
525 645 -1.090536E+01 -1.701096E+01
520 645 -1.067596E+01 -1.634354E+01
515 645 -1.049760E+01 -1.560608E+01
510 645 -1.025214E+01 -1.506088E+01
505 645 -1.004323E+01 -1.437012E+01
