510 510 -1.023748E+01  4.245667E+01
515 510 -1.042328E+01  4.357452E+01
520 510 -1.064257E+01  4.439713E+01
525 510 -1.086057E+01  4.569626E+01
530 510 -1.108909E+01  4.673996E+01
535 510 -1.135982E+01  4.817642E+01
540 510 -1.163754E+01  4.967880E+01
545 510 -1.194056E+01  5.134323E+01
550 510 -1.221726E+01  5.301041E+01
555 510 -1.259773E+01  5.490417E+01
560 510 -1.293433E+01  5.711380E+01
565 510 -1.333437E+01  5.935501E+01
570 510 -1.372347E+01  6.179398E+01
575 510 -1.415286E+01  6.473419E+01
580 510 -1.460930E+01  6.805069E+01
585 510 -1.509541E+01  7.138092E+01
590 510 -1.551823E+01  7.514099E+01
595 510 -1.595910E+01  7.928558E+01
600 510 -1.641159E+01  8.360733E+01
605 510 -1.683648E+01  8.877914E+01
610 510 -1.724629E+01  9.404984E+01
615 510 -1.756255E+01  9.972565E+01
620 510 -1.781068E+01  1.055141E+02
625 510 -1.803144E+01  1.117886E+02
630 510 -1.814250E+01  1.178311E+02
635 510 -1.816216E+01  1.237981E+02
640 510 -1.821531E+01  1.300864E+02
