640 640 -1.489078E+01 -9.249252E+01
635 640 -1.520207E+01 -8.916367E+01
630 640 -1.557974E+01 -8.569748E+01
625 640 -1.585929E+01 -8.138397E+01
620 640 -1.609451E+01 -7.668182E+01
615 640 -1.626277E+01 -7.185059E+01
610 640 -1.638284E+01 -6.660873E+01
605 640 -1.638206E+01 -6.125702E+01
600 640 -1.628707E+01 -5.581879E+01
595 640 -1.614035E+01 -5.050690E+01
590 640 -1.581400E+01 -4.577179E+01
585 640 -1.549729E+01 -4.141846E+01
580 640 -1.515324E+01 -3.713654E+01
575 640 -1.480759E+01 -3.377609E+01
570 640 -1.437054E+01 -3.032089E+01
565 640 -1.394979E+01 -2.763611E+01
560 640 -1.355788E+01 -2.508865E+01
555 640 -1.312757E+01 -2.312485E+01
550 640 -1.274320E+01 -2.118851E+01
545 640 -1.238217E+01 -1.969849E+01
540 640 -1.206945E+01 -1.822769E+01
535 640 -1.171319E+01 -1.751770E+01
530 640 -1.140750E+01 -1.597961E+01
525 640 -1.110733E+01 -1.556213E+01
520 640 -1.084647E+01 -1.471893E+01
515 640 -1.059806E+01 -1.428360E+01
510 640 -1.041740E+01 -1.360107E+01
