510 640 -1.036504E+01 -1.340469E+01
510 635 -1.061391E+01 -1.218384E+01
510 630 -1.076650E+01 -1.066635E+01
510 625 -1.092561E+01 -8.944244E+00
510 620 -1.113741E+01 -6.795044E+00
510 615 -1.128835E+01 -4.835358E+00
510 610 -1.149620E+01 -2.536469E+00
510 605 -1.157323E+01 -1.922607E-01
510 600 -1.168986E+01  2.208252E+00
510 595 -1.181815E+01  4.860077E+00
510 590 -1.189196E+01  7.923889E+00
510 585 -1.191599E+01  1.034500E+01
510 580 -1.195916E+01  1.352417E+01
510 575 -1.196307E+01  1.599609E+01
510 570 -1.188567E+01  1.870697E+01
510 565 -1.186596E+01  2.155655E+01
510 560 -1.176808E+01  2.412186E+01
510 555 -1.169357E+01  2.651962E+01
510 550 -1.155761E+01  2.881027E+01
510 545 -1.140419E+01  3.098969E+01
510 540 -1.126345E+01  3.263489E+01
510 535 -1.110099E+01  3.459457E+01
510 530 -1.098551E+01  3.626450E+01
510 525 -1.081142E+01  3.795364E+01
510 520 -1.066365E+01  3.924591E+01
510 515 -1.053426E+01  4.040085E+01
510 510 -1.037092E+01  4.146790E+01
