640 510 -1.858356E+01  1.310765E+02
640 515 -1.895828E+01  1.342433E+02
640 520 -1.938423E+01  1.368828E+02
640 525 -1.990245E+01  1.403874E+02
640 530 -2.048709E+01  1.436160E+02
640 535 -2.099433E+01  1.486340E+02
640 540 -2.153906E+01  1.540695E+02
640 545 -2.207207E+01  1.596725E+02
640 550 -2.256848E+01  1.673053E+02
640 555 -2.298211E+01  1.755217E+02
640 560 -2.325973E+01 -1.755066E+02
640 565 -2.330093E+01 -1.656079E+02
640 570 -2.309836E+01 -1.560072E+02
640 575 -2.274183E+01 -1.464450E+02
640 580 -2.218029E+01 -1.382011E+02
640 585 -2.152289E+01 -1.305931E+02
640 590 -2.073026E+01 -1.238818E+02
640 595 -2.007631E+01 -1.182733E+02
640 600 -1.939125E+01 -1.137305E+02
640 605 -1.862715E+01 -1.096010E+02
640 610 -1.800957E+01 -1.059810E+02
640 615 -1.735984E+01 -1.030270E+02
640 620 -1.678103E+01 -1.003931E+02
640 625 -1.627659E+01 -9.805573E+01
640 630 -1.575038E+01 -9.605072E+01
640 635 -1.529160E+01 -9.416382E+01
640 640 -1.488302E+01 -9.250763E+01
