635 515 -1.905654E+01  1.278369E+02
635 520 -1.959933E+01  1.303445E+02
635 525 -2.017718E+01  1.333081E+02
635 530 -2.081055E+01  1.367509E+02
635 535 -2.143355E+01  1.405893E+02
635 540 -2.213358E+01  1.461044E+02
635 545 -2.280214E+01  1.519643E+02
635 550 -2.352004E+01  1.597288E+02
635 555 -2.422985E+01  1.687720E+02
635 560 -2.468289E+01  1.789357E+02
635 565 -2.484150E+01 -1.701810E+02
635 570 -2.473245E+01 -1.579230E+02
635 575 -2.426448E+01 -1.465961E+02
635 580 -2.357309E+01 -1.362415E+02
635 585 -2.283669E+01 -1.280141E+02
635 590 -2.193643E+01 -1.205818E+02
635 595 -2.104238E+01 -1.148579E+02
635 600 -2.021277E+01 -1.096120E+02
635 605 -1.934257E+01 -1.054646E+02
635 610 -1.863707E+01 -1.021385E+02
635 615 -1.793433E+01 -9.912140E+01
635 620 -1.728617E+01 -9.659592E+01
635 625 -1.671508E+01 -9.460190E+01
635 630 -1.612777E+01 -9.254745E+01
635 635 -1.566375E+01 -9.067017E+01
