515 635 -1.086572E+01 -1.252441E+01
515 630 -1.098395E+01 -1.112640E+01
515 625 -1.117600E+01 -9.317780E+00
515 620 -1.138674E+01 -6.937866E+00
515 615 -1.151453E+01 -4.930115E+00
515 610 -1.172996E+01 -2.844086E+00
515 605 -1.186105E+01 -4.930115E-01
515 600 -1.198948E+01  2.293396E+00
515 595 -1.208227E+01  5.030365E+00
515 590 -1.215273E+01  7.955475E+00
515 585 -1.220440E+01  1.049469E+01
515 580 -1.222085E+01  1.356400E+01
515 575 -1.225236E+01  1.654953E+01
515 570 -1.215870E+01  1.912170E+01
515 565 -1.213036E+01  2.209351E+01
515 560 -1.206256E+01  2.466980E+01
515 555 -1.192494E+01  2.713623E+01
515 550 -1.176656E+01  2.954086E+01
515 545 -1.163326E+01  3.164337E+01
515 540 -1.147884E+01  3.374039E+01
515 535 -1.131605E+01  3.546112E+01
515 530 -1.117370E+01  3.725052E+01
515 525 -1.103806E+01  3.883392E+01
515 520 -1.087596E+01  4.004105E+01
515 515 -1.069268E+01  4.138962E+01
