515 515 -1.056981E+01  4.236740E+01
520 515 -1.077380E+01  4.345779E+01
525 515 -1.099938E+01  4.469376E+01
530 515 -1.125294E+01  4.579926E+01
535 515 -1.152955E+01  4.722061E+01
540 515 -1.180790E+01  4.857880E+01
545 515 -1.210748E+01  5.032700E+01
550 515 -1.248143E+01  5.209167E+01
555 515 -1.280324E+01  5.382202E+01
560 515 -1.317783E+01  5.598770E+01
565 515 -1.356486E+01  5.837585E+01
570 515 -1.401712E+01  6.107162E+01
575 515 -1.447113E+01  6.384018E+01
580 515 -1.488485E+01  6.699875E+01
585 515 -1.537455E+01  7.049240E+01
590 515 -1.585350E+01  7.457382E+01
595 515 -1.633621E+01  7.881180E+01
600 515 -1.686739E+01  8.335052E+01
605 515 -1.727436E+01  8.853058E+01
610 515 -1.771284E+01  9.424622E+01
615 515 -1.799106E+01  1.003038E+02
620 515 -1.827194E+01  1.062488E+02
625 515 -1.839932E+01  1.128694E+02
630 515 -1.859357E+01  1.192621E+02
635 515 -1.861208E+01  1.258168E+02
