635 635 -1.568231E+01 -9.067566E+01
630 635 -1.602455E+01 -8.686752E+01
625 635 -1.639914E+01 -8.247711E+01
620 635 -1.664728E+01 -7.757172E+01
615 635 -1.679064E+01 -7.224747E+01
610 635 -1.694695E+01 -6.669525E+01
605 635 -1.695719E+01 -6.094254E+01
600 635 -1.678824E+01 -5.555237E+01
595 635 -1.668274E+01 -4.970627E+01
590 635 -1.633093E+01 -4.481598E+01
585 635 -1.601018E+01 -4.006302E+01
580 635 -1.560133E+01 -3.581818E+01
575 635 -1.518103E+01 -3.204849E+01
570 635 -1.472836E+01 -2.844086E+01
565 635 -1.426250E+01 -2.579041E+01
560 635 -1.386090E+01 -2.319626E+01
555 635 -1.345062E+01 -2.110062E+01
550 635 -1.301274E+01 -1.973145E+01
545 635 -1.259828E+01 -1.810410E+01
540 635 -1.228446E+01 -1.666214E+01
535 635 -1.193955E+01 -1.562531E+01
530 635 -1.166928E+01 -1.464890E+01
525 635 -1.132211E+01 -1.403091E+01
520 635 -1.105868E+01 -1.320831E+01
515 635 -1.082860E+01 -1.283340E+01
