520 520 -1.094739E+01  4.243881E+01
525 520 -1.114067E+01  4.358002E+01
530 520 -1.138261E+01  4.451111E+01
535 520 -1.171663E+01  4.601212E+01
540 520 -1.201231E+01  4.742523E+01
545 520 -1.229232E+01  4.890289E+01
550 520 -1.266199E+01  5.073624E+01
555 520 -1.302735E+01  5.270554E+01
560 520 -1.342835E+01  5.482315E+01
565 520 -1.389058E+01  5.720306E+01
570 520 -1.428634E+01  5.985489E+01
575 520 -1.473589E+01  6.276215E+01
580 520 -1.526780E+01  6.589737E+01
585 520 -1.572043E+01  6.956543E+01
590 520 -1.628160E+01  7.350266E+01
595 520 -1.679840E+01  7.818832E+01
600 520 -1.729094E+01  8.300446E+01
605 520 -1.780595E+01  8.848526E+01
610 520 -1.816442E+01  9.421188E+01
615 520 -1.850336E+01  1.006636E+02
620 520 -1.880505E+01  1.074532E+02
625 520 -1.898805E+01  1.141452E+02
630 520 -1.907744E+01  1.210185E+02
