520 630 -1.125785E+01 -1.139557E+01
520 625 -1.141885E+01 -9.630890E+00
520 620 -1.164562E+01 -7.463837E+00
520 615 -1.183418E+01 -5.429993E+00
520 610 -1.200891E+01 -3.261566E+00
520 605 -1.215208E+01 -6.990051E-01
520 600 -1.229108E+01  1.965179E+00
520 595 -1.239783E+01  4.783173E+00
520 590 -1.250044E+01  7.565460E+00
520 585 -1.253673E+01  1.063339E+01
520 580 -1.255433E+01  1.369583E+01
520 575 -1.254720E+01  1.683929E+01
520 570 -1.245819E+01  1.971222E+01
520 565 -1.241391E+01  2.254807E+01
520 560 -1.230559E+01  2.515045E+01
520 555 -1.218571E+01  2.772949E+01
520 550 -1.204157E+01  3.008606E+01
520 545 -1.190639E+01  3.252640E+01
520 540 -1.174406E+01  3.455612E+01
520 535 -1.158412E+01  3.648010E+01
520 530 -1.142270E+01  3.824615E+01
520 525 -1.124678E+01  3.967026E+01
520 520 -1.109010E+01  4.116577E+01
