630 520 -1.963493E+01  1.229315E+02
630 525 -2.025485E+01  1.259596E+02
630 530 -2.102143E+01  1.285744E+02
630 535 -2.176450E+01  1.321147E+02
630 540 -2.258015E+01  1.369267E+02
630 545 -2.349114E+01  1.425943E+02
630 550 -2.449286E+01  1.495225E+02
630 555 -2.547033E+01  1.586934E+02
630 560 -2.628868E+01  1.700258E+02
630 565 -2.683143E+01 -1.757716E+02
630 570 -2.680116E+01 -1.609428E+02
630 575 -2.638027E+01 -1.461333E+02
630 580 -2.546923E+01 -1.343436E+02
630 585 -2.436112E+01 -1.237047E+02
630 590 -2.319276E+01 -1.161008E+02
630 595 -2.207400E+01 -1.095021E+02
630 600 -2.111344E+01 -1.046379E+02
630 605 -2.013625E+01 -1.007460E+02
630 610 -1.931946E+01 -9.723312E+01
630 615 -1.850161E+01 -9.455109E+01
630 620 -1.780783E+01 -9.247192E+01
630 625 -1.714111E+01 -9.013870E+01
630 630 -1.656905E+01 -8.832733E+01
