630 630 -1.658678E+01 -8.850174E+01
625 630 -1.692393E+01 -8.379684E+01
620 630 -1.723522E+01 -7.878159E+01
615 630 -1.744794E+01 -7.307281E+01
610 630 -1.756397E+01 -6.695618E+01
605 630 -1.759727E+01 -6.071869E+01
600 630 -1.747729E+01 -5.482727E+01
595 630 -1.724221E+01 -4.868591E+01
590 630 -1.690404E+01 -4.324219E+01
585 630 -1.649491E+01 -3.868835E+01
580 630 -1.606516E+01 -3.403152E+01
575 630 -1.559214E+01 -2.981689E+01
570 630 -1.512095E+01 -2.677780E+01
565 630 -1.460742E+01 -2.385818E+01
560 630 -1.419190E+01 -2.130798E+01
555 630 -1.371846E+01 -1.948563E+01
550 630 -1.328357E+01 -1.768936E+01
545 630 -1.288022E+01 -1.628174E+01
540 630 -1.252488E+01 -1.485077E+01
535 630 -1.212370E+01 -1.389908E+01
530 630 -1.183459E+01 -1.316437E+01
525 630 -1.154057E+01 -1.201492E+01
520 630 -1.126561E+01 -1.160980E+01
