525 525 -1.136630E+01  4.229599E+01
530 525 -1.160428E+01  4.338913E+01
535 525 -1.187616E+01  4.471436E+01
540 525 -1.217298E+01  4.602997E+01
545 525 -1.254266E+01  4.770538E+01
550 525 -1.287618E+01  4.943161E+01
555 525 -1.324471E+01  5.143387E+01
560 525 -1.368999E+01  5.342102E+01
565 525 -1.411877E+01  5.580780E+01
570 525 -1.460976E+01  5.855301E+01
575 525 -1.506707E+01  6.141632E+01
580 525 -1.560583E+01  6.481796E+01
585 525 -1.609474E+01  6.838440E+01
590 525 -1.673698E+01  7.260590E+01
595 525 -1.731037E+01  7.739731E+01
600 525 -1.782134E+01  8.239609E+01
605 525 -1.829422E+01  8.836304E+01
610 525 -1.876082E+01  9.454697E+01
615 525 -1.916632E+01  1.015494E+02
620 525 -1.946741E+01  1.084021E+02
625 525 -1.956268E+01  1.154581E+02
