625 525 -2.029105E+01  1.177913E+02
625 530 -2.102010E+01  1.202097E+02
625 535 -2.185981E+01  1.228230E+02
625 540 -2.285809E+01  1.264197E+02
625 545 -2.401966E+01  1.309927E+02
625 550 -2.524048E+01  1.370146E+02
625 555 -2.671788E+01  1.448795E+02
625 560 -2.805933E+01  1.574629E+02
625 565 -2.931712E+01  1.741484E+02
625 570 -2.977301E+01 -1.654417E+02
625 575 -2.920854E+01 -1.456361E+02
625 580 -2.782911E+01 -1.289699E+02
625 585 -2.629777E+01 -1.167970E+02
625 590 -2.468468E+01 -1.091025E+02
625 595 -2.323433E+01 -1.027071E+02
625 600 -2.204525E+01 -9.815598E+01
625 605 -2.084734E+01 -9.452499E+01
625 610 -1.989606E+01 -9.157242E+01
625 615 -1.906705E+01 -8.909225E+01
625 620 -1.824310E+01 -8.689224E+01
625 625 -1.752952E+01 -8.531982E+01
