525 625 -1.175480E+01 -1.023788E+01
525 620 -1.196367E+01 -8.344116E+00
525 615 -1.209765E+01 -6.057587E+00
525 610 -1.229893E+01 -3.567810E+00
525 605 -1.249746E+01 -6.797791E-01
525 600 -1.258579E+01  1.739960E+00
525 595 -1.271238E+01  4.868317E+00
525 590 -1.286460E+01  7.922516E+00
525 585 -1.288670E+01  1.091492E+01
525 580 -1.291159E+01  1.400894E+01
525 575 -1.286901E+01  1.717712E+01
525 570 -1.282450E+01  2.005829E+01
525 565 -1.274867E+01  2.320038E+01
525 560 -1.263953E+01  2.598129E+01
525 555 -1.253705E+01  2.869766E+01
525 550 -1.235089E+01  3.114075E+01
525 545 -1.221547E+01  3.338333E+01
525 540 -1.203518E+01  3.547348E+01
525 535 -1.185310E+01  3.734940E+01
525 530 -1.168480E+01  3.918137E+01
525 525 -1.149211E+01  4.059998E+01
