625 625 -1.753325E+01 -8.515640E+01
620 625 -1.792643E+01 -7.993103E+01
615 625 -1.818431E+01 -7.369629E+01
610 625 -1.829827E+01 -6.719925E+01
605 625 -1.830612E+01 -6.056763E+01
600 625 -1.817392E+01 -5.401428E+01
595 625 -1.787963E+01 -4.722885E+01
590 625 -1.752300E+01 -4.131409E+01
585 625 -1.707836E+01 -3.656799E+01
580 625 -1.657590E+01 -3.169144E+01
575 625 -1.601771E+01 -2.778992E+01
570 625 -1.550739E+01 -2.426056E+01
565 625 -1.501305E+01 -2.180786E+01
560 625 -1.444835E+01 -1.909698E+01
555 625 -1.403315E+01 -1.720322E+01
550 625 -1.361112E+01 -1.531906E+01
545 625 -1.315233E+01 -1.386887E+01
540 625 -1.279428E+01 -1.281693E+01
535 625 -1.237229E+01 -1.188858E+01
530 625 -1.206839E+01 -1.096985E+01
525 625 -1.173786E+01 -1.009094E+01
