620 530 -2.089186E+01  1.114796E+02
620 535 -2.180222E+01  1.129655E+02
620 540 -2.283558E+01  1.152164E+02
620 545 -2.414593E+01  1.180879E+02
620 550 -2.566545E+01  1.233243E+02
620 555 -2.750876E+01  1.283849E+02
620 560 -2.962561E+01  1.382094E+02
620 565 -3.202683E+01  1.545529E+02
620 570 -3.413725E+01 -1.774841E+02
620 575 -3.351407E+01 -1.431189E+02
620 580 -3.093316E+01 -1.191701E+02
620 585 -2.849037E+01 -1.060675E+02
620 590 -2.625359E+01 -9.829330E+01
620 595 -2.443251E+01 -9.294296E+01
620 600 -2.294564E+01 -8.942871E+01
620 605 -2.164021E+01 -8.642807E+01
620 610 -2.047809E+01 -8.448624E+01
620 615 -1.954628E+01 -8.263229E+01
620 620 -1.866886E+01 -8.116974E+01
