530 530 -1.174530E+01  4.209961E+01
535 530 -1.207868E+01  4.316528E+01
540 530 -1.239043E+01  4.467178E+01
545 530 -1.270264E+01  4.618790E+01
550 530 -1.312440E+01  4.790588E+01
555 530 -1.352811E+01  4.981888E+01
560 530 -1.394606E+01  5.197632E+01
565 530 -1.443328E+01  5.433151E+01
570 530 -1.491866E+01  5.700119E+01
575 530 -1.546403E+01  5.993454E+01
580 530 -1.599401E+01  6.343369E+01
585 530 -1.655945E+01  6.696854E+01
590 530 -1.718217E+01  7.143311E+01
595 530 -1.780282E+01  7.621902E+01
600 530 -1.840267E+01  8.178223E+01
605 530 -1.892728E+01  8.782471E+01
610 530 -1.943062E+01  9.462112E+01
615 530 -1.983828E+01  1.016798E+02
620 530 -2.011636E+01  1.096916E+02
