530 620 -1.225929E+01 -9.001923E+00
530 615 -1.249920E+01 -6.534119E+00
530 610 -1.265450E+01 -3.993530E+00
530 605 -1.284761E+01 -1.229095E+00
530 600 -1.299349E+01  1.555939E+00
530 595 -1.311715E+01  4.794159E+00
530 590 -1.319960E+01  7.878571E+00
530 585 -1.326083E+01  1.125687E+01
530 580 -1.326492E+01  1.452667E+01
530 575 -1.328113E+01  1.745865E+01
530 570 -1.317893E+01  2.084244E+01
530 565 -1.310323E+01  2.370575E+01
530 560 -1.298941E+01  2.665833E+01
530 555 -1.285409E+01  2.949966E+01
530 550 -1.269346E+01  3.196060E+01
530 545 -1.250449E+01  3.438309E+01
530 540 -1.232645E+01  3.641968E+01
530 535 -1.215957E+01  3.853317E+01
530 530 -1.195742E+01  4.025116E+01
