620 620 -1.865931E+01 -8.108185E+01
615 620 -1.896568E+01 -7.451340E+01
610 620 -1.913283E+01 -6.732697E+01
605 620 -1.911786E+01 -5.983566E+01
600 620 -1.900064E+01 -5.268219E+01
595 620 -1.867023E+01 -4.578278E+01
590 620 -1.823323E+01 -3.901382E+01
585 620 -1.769034E+01 -3.371979E+01
580 620 -1.712085E+01 -2.925934E+01
575 620 -1.655495E+01 -2.509140E+01
570 620 -1.592658E+01 -2.170212E+01
565 620 -1.540716E+01 -1.892944E+01
560 620 -1.482450E+01 -1.677475E+01
555 620 -1.435166E+01 -1.474091E+01
550 620 -1.390371E+01 -1.303940E+01
545 620 -1.336850E+01 -1.163315E+01
540 620 -1.297779E+01 -1.041916E+01
535 620 -1.261583E+01 -9.742126E+00
530 620 -1.223366E+01 -8.843994E+00
