535 615 -1.281670E+01 -7.274323E+00
535 610 -1.304618E+01 -4.597778E+00
535 605 -1.323593E+01 -1.991272E+00
535 600 -1.339096E+01  1.369171E+00
535 595 -1.349321E+01  4.357452E+00
535 590 -1.360721E+01  7.548981E+00
535 585 -1.370285E+01  1.109344E+01
535 580 -1.367836E+01  1.462143E+01
535 575 -1.368015E+01  1.811783E+01
535 570 -1.361378E+01  2.132584E+01
535 565 -1.353202E+01  2.445419E+01
535 560 -1.342738E+01  2.745621E+01
535 555 -1.325775E+01  3.030853E+01
535 550 -1.305661E+01  3.308395E+01
535 545 -1.285399E+01  3.556412E+01
535 540 -1.268772E+01  3.780121E+01
535 535 -1.247146E+01  3.977188E+01
