535 535 -1.228070E+01  4.154755E+01
540 535 -1.260145E+01  4.292358E+01
545 535 -1.298908E+01  4.444794E+01
550 535 -1.334893E+01  4.615631E+01
555 535 -1.377547E+01  4.815445E+01
560 535 -1.425621E+01  5.013885E+01
565 535 -1.470884E+01  5.241302E+01
570 535 -1.528999E+01  5.514725E+01
575 535 -1.582158E+01  5.808746E+01
580 535 -1.646271E+01  6.144516E+01
585 535 -1.709136E+01  6.541672E+01
590 535 -1.773595E+01  6.998703E+01
595 535 -1.837346E+01  7.482101E+01
600 535 -1.906949E+01  8.088547E+01
605 535 -1.965583E+01  8.709412E+01
610 535 -2.017883E+01  9.478592E+01
615 535 -2.061074E+01  1.029941E+02
