615 615 -1.988035E+01 -7.543488E+01
610 615 -2.006156E+01 -6.732147E+01
605 615 -2.006055E+01 -5.912842E+01
600 615 -1.984719E+01 -5.088455E+01
595 615 -1.945409E+01 -4.318588E+01
590 615 -1.888888E+01 -3.680695E+01
585 615 -1.828485E+01 -3.089630E+01
580 615 -1.771459E+01 -2.631638E+01
575 615 -1.701543E+01 -2.187378E+01
570 615 -1.639111E+01 -1.877975E+01
565 615 -1.575438E+01 -1.608261E+01
560 615 -1.518388E+01 -1.397461E+01
555 615 -1.463626E+01 -1.166885E+01
550 615 -1.410995E+01 -1.068283E+01
545 615 -1.367014E+01 -9.209290E+00
540 615 -1.322863E+01 -8.241119E+00
535 615 -1.280870E+01 -7.171326E+00
