615 535 -2.155720E+01  1.036958E+02
615 540 -2.264110E+01  1.052243E+02
615 545 -2.388236E+01  1.058725E+02
615 550 -2.553822E+01  1.078130E+02
615 555 -2.742420E+01  1.094884E+02
615 560 -3.009331E+01  1.136041E+02
615 565 -3.407630E+01  1.186716E+02
615 570 -4.063161E+01  1.415355E+02
615 575 -4.235719E+01 -1.285744E+02
615 580 -3.486295E+01 -9.601364E+01
615 585 -3.057676E+01 -8.689087E+01
615 590 -2.751230E+01 -8.271606E+01
615 595 -2.535637E+01 -8.050232E+01
615 600 -2.359179E+01 -7.873627E+01
615 605 -2.216330E+01 -7.715836E+01
615 610 -2.098285E+01 -7.636322E+01
615 615 -1.989638E+01 -7.525360E+01
