610 610 -2.119213E+01 -6.720062E+01
605 610 -2.114335E+01 -5.813553E+01
600 610 -2.082475E+01 -4.864471E+01
595 610 -2.036546E+01 -4.025940E+01
590 610 -1.971357E+01 -3.323364E+01
585 610 -1.898700E+01 -2.728867E+01
580 610 -1.825059E+01 -2.244232E+01
575 610 -1.751845E+01 -1.832108E+01
570 610 -1.678976E+01 -1.505402E+01
565 610 -1.612410E+01 -1.252991E+01
560 610 -1.549995E+01 -1.049744E+01
555 610 -1.495274E+01 -8.831635E+00
550 610 -1.438441E+01 -7.330627E+00
545 610 -1.387606E+01 -6.160583E+00
540 610 -1.345683E+01 -5.331116E+00
