610 540 -2.209582E+01  9.467468E+01
610 545 -2.329634E+01  9.410751E+01
610 550 -2.477848E+01  9.354858E+01
610 555 -2.657921E+01  9.204483E+01
610 560 -2.905213E+01  9.030624E+01
610 565 -3.244984E+01  8.485428E+01
610 570 -3.754983E+01  6.803696E+01
610 575 -4.194494E+01  3.766937E+00
610 580 -3.617564E+01 -4.602859E+01
610 585 -3.137481E+01 -5.807236E+01
610 590 -2.811808E+01 -6.372070E+01
610 595 -2.576067E+01 -6.526428E+01
610 600 -2.397813E+01 -6.687103E+01
610 605 -2.245750E+01 -6.710312E+01
610 610 -2.112056E+01 -6.735992E+01
