540 610 -1.345315E+01 -5.162201E+00
540 605 -1.364887E+01 -2.219238E+00
540 600 -1.379108E+01  7.154846E-01
540 595 -1.396467E+01  4.152832E+00
540 590 -1.408511E+01  7.656097E+00
540 585 -1.413191E+01  1.105637E+01
540 580 -1.415079E+01  1.488373E+01
540 575 -1.415965E+01  1.816315E+01
540 570 -1.406186E+01  2.178726E+01
540 565 -1.393072E+01  2.535782E+01
540 560 -1.379898E+01  2.855072E+01
540 555 -1.363758E+01  3.132614E+01
540 550 -1.342665E+01  3.421280E+01
540 545 -1.324645E+01  3.669434E+01
540 540 -1.301986E+01  3.904541E+01
