540 540 -1.281197E+01  4.128113E+01
545 540 -1.319243E+01  4.270111E+01
550 540 -1.359761E+01  4.423508E+01
555 540 -1.407344E+01  4.601212E+01
560 540 -1.456042E+01  4.815170E+01
565 540 -1.506625E+01  5.056183E+01
570 540 -1.565566E+01  5.319717E+01
575 540 -1.624903E+01  5.615112E+01
580 540 -1.689550E+01  5.938110E+01
585 540 -1.759250E+01  6.336090E+01
590 540 -1.826960E+01  6.769638E+01
595 540 -1.905534E+01  7.328979E+01
600 540 -1.979014E+01  7.941467E+01
605 540 -2.043422E+01  8.682907E+01
610 540 -2.104233E+01  9.476669E+01
