790 360 -1.386697E+01  1.640231E+02
790 365 -1.390578E+01  1.634724E+02
790 370 -1.386325E+01  1.637965E+02
790 375 -1.388929E+01  1.638776E+02
790 380 -1.392122E+01  1.641371E+02
790 385 -1.386867E+01  1.647194E+02
790 390 -1.388015E+01  1.648141E+02
790 395 -1.393688E+01  1.650545E+02
790 400 -1.390188E+01  1.655777E+02
790 405 -1.391805E+01  1.656464E+02
790 410 -1.393146E+01  1.662135E+02
790 415 -1.397739E+01  1.664346E+02
790 420 -1.395511E+01  1.670169E+02
790 425 -1.394593E+01  1.676431E+02
790 430 -1.399338E+01  1.680592E+02
790 435 -1.396931E+01  1.689464E+02
790 440 -1.396393E+01  1.692554E+02
790 445 -1.398396E+01  1.698665E+02
790 450 -1.397712E+01  1.709116E+02
790 455 -1.403655E+01  1.712851E+02
790 460 -1.400325E+01  1.723824E+02
790 465 -1.401497E+01  1.736252E+02
790 470 -1.400789E+01  1.745796E+02
790 475 -1.407495E+01  1.757977E+02
790 480 -1.403311E+01  1.773468E+02
790 485 -1.406003E+01  1.782216E+02
790 490 -1.401873E+01  1.798585E+02
790 495 -1.400936E+01 -1.782408E+02
790 500 -1.400881E+01 -1.766739E+02
790 505 -1.400174E+01 -1.750383E+02
790 510 -1.394377E+01 -1.728905E+02
790 515 -1.390178E+01 -1.708415E+02
790 520 -1.385525E+01 -1.688516E+02
790 525 -1.384115E+01 -1.664346E+02
790 530 -1.376293E+01 -1.641138E+02
790 535 -1.367639E+01 -1.617792E+02
790 540 -1.359495E+01 -1.592400E+02
790 545 -1.348664E+01 -1.566074E+02
790 550 -1.337745E+01 -1.540558E+02
790 555 -1.319850E+01 -1.513683E+02
790 560 -1.308481E+01 -1.488016E+02
790 565 -1.293089E+01 -1.460481E+02
790 570 -1.273705E+01 -1.434224E+02
790 575 -1.258028E+01 -1.408200E+02
790 580 -1.239089E+01 -1.384167E+02
790 585 -1.220367E+01 -1.359627E+02
790 590 -1.200758E+01 -1.337283E+02
790 595 -1.181654E+01 -1.312866E+02
790 600 -1.159661E+01 -1.292802E+02
790 605 -1.142192E+01 -1.270432E+02
790 610 -1.112818E+01 -1.240013E+02
790 615 -1.091330E+01 -1.222600E+02
790 620 -1.072525E+01 -1.204294E+02
790 625 -1.051869E+01 -1.187883E+02
790 630 -1.036192E+01 -1.168987E+02
790 635 -1.018314E+01 -1.156119E+02
790 640 -1.000772E+01 -1.140820E+02
790 645 -9.875204E+00 -1.128667E+02
790 650 -9.719950E+00 -1.115730E+02
790 655 -9.565062E+00 -1.104936E+02
790 660 -9.451468E+00 -1.093208E+02
790 665 -9.318398E+00 -1.083815E+02
790 670 -9.209766E+00 -1.074806E+02
790 675 -9.089926E+00 -1.066910E+02
790 680 -9.001686E+00 -1.060236E+02
790 685 -8.908993E+00 -1.051817E+02
790 690 -8.801693E+00 -1.044608E+02
790 695 -8.700914E+00 -1.040089E+02
790 700 -8.657001E+00 -1.032385E+02
790 705 -8.565685E+00 -1.027194E+02
790 710 -8.523289E+00 -1.021577E+02
790 715 -8.433029E+00 -1.018117E+02
790 720 -8.347317E+00 -1.013557E+02
790 725 -8.341898E+00 -1.009918E+02
790 730 -8.281311E+00 -1.006430E+02
790 735 -8.251179E+00 -1.002296E+02
790 740 -8.213972E+00 -9.990829E+01
790 745 -8.155775E+00 -9.965286E+01
790 750 -8.103916E+00 -9.944000E+01
790 755 -8.087196E+00 -9.911728E+01
790 760 -8.041492E+00 -9.889618E+01
790 765 -8.011911E+00 -9.873413E+01
790 770 -7.987980E+00 -9.842102E+01
790 775 -7.947558E+00 -9.827820E+01
790 780 -7.923764E+00 -9.807495E+01
790 785 -7.925694E+00 -9.786758E+01
790 790 -7.905345E+00 -9.776596E+01
