360 360 -7.265629E+00  4.179886E+01
365 360 -7.243948E+00  4.194580E+01
370 360 -7.267971E+00  4.181259E+01
375 360 -7.239171E+00  4.189087E+01
380 360 -7.287217E+00  4.207077E+01
385 360 -7.321668E+00  4.200485E+01
390 360 -7.365305E+00  4.234818E+01
395 360 -7.361952E+00  4.231796E+01
400 360 -7.344037E+00  4.256241E+01
405 360 -7.366223E+00  4.263794E+01
410 360 -7.389971E+00  4.283569E+01
415 360 -7.418082E+00  4.307739E+01
420 360 -7.477934E+00  4.294556E+01
425 360 -7.462408E+00  4.329437E+01
430 360 -7.490244E+00  4.349899E+01
435 360 -7.571959E+00  4.360748E+01
440 360 -7.595294E+00  4.389313E+01
445 360 -7.626620E+00  4.414032E+01
450 360 -7.668880E+00  4.451797E+01
455 360 -7.708014E+00  4.482285E+01
460 360 -7.782290E+00  4.508926E+01
465 360 -7.801673E+00  4.559326E+01
470 360 -7.877785E+00  4.588165E+01
475 360 -7.976680E+00  4.638428E+01
480 360 -8.055685E+00  4.674545E+01
485 360 -8.139009E+00  4.747192E+01
490 360 -8.197115E+00  4.807205E+01
495 360 -8.283791E+00  4.867081E+01
500 360 -8.406664E+00  4.935883E+01
505 360 -8.527975E+00  5.023361E+01
510 360 -8.683367E+00  5.105347E+01
515 360 -8.791220E+00  5.184860E+01
520 360 -8.935726E+00  5.291565E+01
525 360 -9.108437E+00  5.403625E+01
530 360 -9.272879E+00  5.509781E+01
535 360 -9.458956E+00  5.640106E+01
540 360 -9.630610E+00  5.779083E+01
545 360 -9.843603E+00  5.919571E+01
550 360 -1.006119E+01  6.069397E+01
555 360 -1.027414E+01  6.249023E+01
560 360 -1.053927E+01  6.426590E+01
565 360 -1.082621E+01  6.626129E+01
570 360 -1.105391E+01  6.851624E+01
575 360 -1.134512E+01  7.073410E+01
580 360 -1.163552E+01  7.301926E+01
585 360 -1.191534E+01  7.576721E+01
590 360 -1.221226E+01  7.851929E+01
595 360 -1.250012E+01  8.147049E+01
600 360 -1.277379E+01  8.443954E+01
605 360 -1.306635E+01  8.758850E+01
610 360 -1.332027E+01  9.099426E+01
615 360 -1.356082E+01  9.433823E+01
620 360 -1.381534E+01  9.808319E+01
625 360 -1.405465E+01  1.016112E+02
630 360 -1.421060E+01  1.053026E+02
635 360 -1.437508E+01  1.090805E+02
640 360 -1.451807E+01  1.128282E+02
645 360 -1.462579E+01  1.164729E+02
650 360 -1.466704E+01  1.197922E+02
655 360 -1.474269E+01  1.236031E+02
660 360 -1.482937E+01  1.268770E+02
665 360 -1.484485E+01  1.296016E+02
670 360 -1.485031E+01  1.327052E+02
675 360 -1.485573E+01  1.355287E+02
680 360 -1.479694E+01  1.383522E+02
685 360 -1.469951E+01  1.404396E+02
690 360 -1.468785E+01  1.427605E+02
695 360 -1.467650E+01  1.449440E+02
700 360 -1.460484E+01  1.470245E+02
705 360 -1.456194E+01  1.484747E+02
710 360 -1.449175E+01  1.500554E+02
715 360 -1.443089E+01  1.516717E+02
720 360 -1.440673E+01  1.530107E+02
725 360 -1.431032E+01  1.544403E+02
730 360 -1.429888E+01  1.554428E+02
735 360 -1.420045E+01  1.564769E+02
740 360 -1.421565E+01  1.573558E+02
745 360 -1.413315E+01  1.584984E+02
750 360 -1.408607E+01  1.590024E+02
755 360 -1.405415E+01  1.596135E+02
760 360 -1.399756E+01  1.602177E+02
765 360 -1.403210E+01  1.609264E+02
770 360 -1.394381E+01  1.615828E+02
775 360 -1.393192E+01  1.621623E+02
780 360 -1.391896E+01  1.625317E+02
785 360 -1.389522E+01  1.632294E+02
790 360 -1.386210E+01  1.632664E+02
