790 790 -7.886053E+00 -9.769592E+01
785 790 -7.909709E+00 -9.754074E+01
780 790 -7.946135E+00 -9.748993E+01
775 790 -7.967860E+00 -9.753662E+01
770 790 -8.001575E+00 -9.729492E+01
765 790 -8.043512E+00 -9.706696E+01
760 790 -8.067444E+00 -9.706558E+01
755 790 -8.116915E+00 -9.679230E+01
750 790 -8.161976E+00 -9.665222E+01
745 790 -8.232025E+00 -9.631577E+01
740 790 -8.260273E+00 -9.605896E+01
735 790 -8.342495E+00 -9.595871E+01
730 790 -8.400829E+00 -9.563736E+01
725 790 -8.487690E+00 -9.524048E+01
720 790 -8.555443E+00 -9.473099E+01
715 790 -8.627743E+00 -9.445908E+01
710 790 -8.713408E+00 -9.388641E+01
705 790 -8.819422E+00 -9.342636E+01
700 790 -8.925713E+00 -9.280563E+01
695 790 -9.008486E+00 -9.197891E+01
690 790 -9.100765E+00 -9.140625E+01
685 790 -9.261808E+00 -9.044220E+01
680 790 -9.403927E+00 -8.952347E+01
675 790 -9.546045E+00 -8.850998E+01
670 790 -9.668871E+00 -8.729050E+01
665 790 -9.800701E+00 -8.597351E+01
660 790 -9.995735E+00 -8.467300E+01
655 790 -1.010363E+01 -8.308136E+01
650 790 -1.023583E+01 -8.120407E+01
645 790 -1.040390E+01 -7.928284E+01
640 790 -1.050123E+01 -7.726410E+01
635 790 -1.065410E+01 -7.512589E+01
630 790 -1.076535E+01 -7.287781E+01
625 790 -1.084652E+01 -7.037567E+01
620 790 -1.093912E+01 -6.773071E+01
615 790 -1.096006E+01 -6.506516E+01
610 790 -1.090848E+01 -6.207001E+01
605 790 -1.094238E+01 -5.915451E+01
600 790 -1.088060E+01 -5.646149E+01
595 790 -1.078662E+01 -5.356247E+01
590 790 -1.066779E+01 -5.087219E+01
585 790 -1.053104E+01 -4.820526E+01
580 790 -1.039954E+01 -4.594620E+01
575 790 -1.021778E+01 -4.372696E+01
570 790 -1.005522E+01 -4.155441E+01
565 790 -9.867441E+00 -3.962357E+01
560 790 -9.629690E+00 -3.765015E+01
555 790 -9.418213E+00 -3.603928E+01
550 790 -9.261028E+00 -3.463852E+01
545 790 -9.002514E+00 -3.335587E+01
540 790 -8.851025E+00 -3.194138E+01
535 790 -8.692738E+00 -3.095673E+01
530 790 -8.481903E+00 -2.986496E+01
525 790 -8.351221E+00 -2.896133E+01
520 790 -8.142591E+00 -2.844910E+01
515 790 -8.011269E+00 -2.753998E+01
510 790 -7.832632E+00 -2.692337E+01
505 790 -7.718028E+00 -2.649628E+01
500 790 -7.639574E+00 -2.576019E+01
495 790 -7.488223E+00 -2.564896E+01
490 790 -7.365902E+00 -2.511337E+01
485 790 -7.276378E+00 -2.487991E+01
480 790 -7.164989E+00 -2.449539E+01
475 790 -7.130401E+00 -2.454208E+01
470 790 -7.032562E+00 -2.378265E+01
465 790 -6.968945E+00 -2.390213E+01
460 790 -6.875515E+00 -2.362610E+01
455 790 -6.833899E+00 -2.320587E+01
450 790 -6.782913E+00 -2.322098E+01
445 790 -6.700692E+00 -2.271011E+01
440 790 -6.700830E+00 -2.300537E+01
435 790 -6.612592E+00 -2.296005E+01
430 790 -6.622560E+00 -2.243271E+01
425 790 -6.618380E+00 -2.256454E+01
420 790 -6.519393E+00 -2.267303E+01
415 790 -6.478512E+00 -2.241760E+01
410 790 -6.497252E+00 -2.244507E+01
405 790 -6.490133E+00 -2.234756E+01
400 790 -6.463583E+00 -2.220337E+01
395 790 -6.409106E+00 -2.233932E+01
390 790 -6.401665E+00 -2.196579E+01
385 790 -6.390411E+00 -2.204544E+01
380 790 -6.354858E+00 -2.209351E+01
375 790 -6.347234E+00 -2.196442E+01
370 790 -6.313978E+00 -2.194107E+01
365 790 -6.355272E+00 -2.224457E+01
360 790 -6.305296E+00 -2.189026E+01
