360 790 -6.319077E+00 -2.201797E+01
360 785 -6.343559E+00 -2.198639E+01
360 780 -6.362254E+00 -2.195618E+01
360 775 -6.413011E+00 -2.154007E+01
360 770 -6.382833E+00 -2.191360E+01
360 765 -6.451227E+00 -2.142471E+01
360 760 -6.495874E+00 -2.112671E+01
360 755 -6.495416E+00 -2.120361E+01
360 750 -6.552878E+00 -2.094818E+01
360 745 -6.587833E+00 -2.079849E+01
360 740 -6.610111E+00 -2.029999E+01
360 735 -6.642264E+00 -2.056366E+01
360 730 -6.682457E+00 -2.013931E+01
360 725 -6.737945E+00 -1.987839E+01
360 720 -6.790906E+00 -1.977127E+01
360 715 -6.850895E+00 -1.928925E+01
360 710 -6.888699E+00 -1.908875E+01
360 705 -6.996367E+00 -1.889099E+01
360 700 -7.053692E+00 -1.863556E+01
360 695 -7.101187E+00 -1.794617E+01
360 690 -7.204123E+00 -1.741058E+01
360 685 -7.308990E+00 -1.710022E+01
360 680 -7.369163E+00 -1.684891E+01
360 675 -7.473203E+00 -1.610458E+01
360 670 -7.573843E+00 -1.548523E+01
360 665 -7.671176E+00 -1.456787E+01
360 660 -7.769382E+00 -1.392517E+01
360 655 -7.906493E+00 -1.305176E+01
360 650 -7.979896E+00 -1.227722E+01
360 645 -8.141720E+00 -1.110306E+01
360 640 -8.264408E+00 -9.880829E+00
360 635 -8.344469E+00 -8.854980E+00
360 630 -8.515388E+00 -7.528381E+00
360 625 -8.637526E+00 -6.398163E+00
360 620 -8.769262E+00 -4.608765E+00
360 615 -8.858696E+00 -2.973175E+00
360 610 -8.956993E+00 -1.360931E+00
360 605 -9.037010E+00  1.620483E-01
360 600 -9.157125E+00  2.160187E+00
360 595 -9.255239E+00  4.286041E+00
360 590 -9.316055E+00  6.150970E+00
360 585 -9.333189E+00  8.132629E+00
360 580 -9.331444E+00  1.011429E+01
360 575 -9.393730E+00  1.219620E+01
360 570 -9.380775E+00  1.436737E+01
360 565 -9.333466E+00  1.627075E+01
360 560 -9.302689E+00  1.823456E+01
360 555 -9.263279E+00  2.005829E+01
360 550 -9.185835E+00  2.186829E+01
360 545 -9.140820E+00  2.347229E+01
360 540 -9.006418E+00  2.510651E+01
360 535 -8.951481E+00  2.659103E+01
360 530 -8.820433E+00  2.783112E+01
360 525 -8.788601E+00  2.921677E+01
360 520 -8.666693E+00  3.033188E+01
360 515 -8.591547E+00  3.158569E+01
360 510 -8.474874E+00  3.260330E+01
360 505 -8.413279E+00  3.339020E+01
360 500 -8.317324E+00  3.426636E+01
360 495 -8.244289E+00  3.493515E+01
360 490 -8.140892E+00  3.563416E+01
360 485 -8.076677E+00  3.639771E+01
360 480 -7.997855E+00  3.693054E+01
360 475 -7.937452E+00  3.747299E+01
360 470 -7.877188E+00  3.774902E+01
360 465 -7.846642E+00  3.804153E+01
360 460 -7.782060E+00  3.863617E+01
360 455 -7.723126E+00  3.886139E+01
360 450 -7.699425E+00  3.927475E+01
360 445 -7.647336E+00  3.963181E+01
360 440 -7.586199E+00  3.992020E+01
360 435 -7.513349E+00  3.981308E+01
360 430 -7.514267E+00  4.033630E+01
360 425 -7.511925E+00  4.031982E+01
360 420 -7.492862E+00  4.056702E+01
360 415 -7.447021E+00  4.065765E+01
360 410 -7.394978E+00  4.074142E+01
360 405 -7.399020E+00  4.091995E+01
360 400 -7.356577E+00  4.084579E+01
360 395 -7.393921E+00  4.120422E+01
360 390 -7.358690E+00  4.125916E+01
360 385 -7.351203E+00  4.143219E+01
360 380 -7.321576E+00  4.156128E+01
360 375 -7.314135E+00  4.143768E+01
360 370 -7.265032E+00  4.133743E+01
360 365 -7.306602E+00  4.186615E+01
360 360 -7.269303E+00  4.172333E+01
