365 365 -7.243811E+00  4.170547E+01
370 365 -7.264159E+00  4.177963E+01
375 365 -7.321025E+00  4.189911E+01
380 365 -7.325526E+00  4.199524E+01
385 365 -7.275688E+00  4.196640E+01
390 365 -7.340087E+00  4.238937E+01
395 365 -7.348171E+00  4.209686E+01
400 365 -7.403980E+00  4.230560E+01
405 365 -7.396218E+00  4.256790E+01
410 365 -7.422905E+00  4.290436E+01
415 365 -7.403429E+00  4.284668E+01
420 365 -7.468426E+00  4.260361E+01
425 365 -7.485191E+00  4.293594E+01
430 365 -7.516609E+00  4.340424E+01
435 365 -7.563645E+00  4.366516E+01
440 365 -7.582984E+00  4.373657E+01
445 365 -7.603424E+00  4.391098E+01
450 365 -7.686380E+00  4.447678E+01
455 365 -7.770714E+00  4.469650E+01
460 365 -7.767177E+00  4.488464E+01
465 365 -7.840671E+00  4.537216E+01
470 365 -7.891887E+00  4.578552E+01
475 365 -7.973189E+00  4.624695E+01
480 365 -8.033730E+00  4.673035E+01
485 365 -8.152285E+00  4.734283E+01
490 365 -8.209608E+00  4.785782E+01
495 365 -8.327429E+00  4.861176E+01
500 365 -8.429585E+00  4.915421E+01
505 365 -8.547863E+00  5.001114E+01
510 365 -8.661640E+00  5.067444E+01
515 365 -8.800728E+00  5.177856E+01
520 365 -8.961725E+00  5.262451E+01
525 365 -9.105909E+00  5.370804E+01
530 365 -9.281284E+00  5.499207E+01
535 365 -9.472506E+00  5.613052E+01
540 365 -9.640530E+00  5.762192E+01
545 365 -9.853157E+00  5.892105E+01
550 365 -1.009513E+01  6.069809E+01
555 365 -1.031819E+01  6.226227E+01
560 365 -1.055419E+01  6.402969E+01
565 365 -1.080490E+01  6.609924E+01
570 365 -1.108422E+01  6.821411E+01
575 365 -1.135440E+01  7.056519E+01
580 365 -1.163115E+01  7.303848E+01
585 365 -1.193344E+01  7.544861E+01
590 365 -1.221745E+01  7.836411E+01
595 365 -1.250485E+01  8.126038E+01
600 365 -1.280544E+01  8.419373E+01
605 365 -1.306625E+01  8.742508E+01
610 365 -1.338820E+01  9.095169E+01
615 365 -1.358273E+01  9.427780E+01
620 365 -1.383265E+01  9.788818E+01
625 365 -1.402429E+01  1.015082E+02
630 365 -1.421000E+01  1.052408E+02
635 365 -1.440797E+01  1.090462E+02
640 365 -1.454412E+01  1.127815E+02
645 365 -1.465454E+01  1.162903E+02
650 365 -1.471724E+01  1.196823E+02
655 365 -1.480916E+01  1.233710E+02
660 365 -1.480516E+01  1.262645E+02
665 365 -1.485683E+01  1.299353E+02
670 365 -1.482137E+01  1.326530E+02
675 365 -1.485059E+01  1.356647E+02
680 365 -1.483759E+01  1.380775E+02
685 365 -1.476129E+01  1.408008E+02
690 365 -1.470576E+01  1.427948E+02
695 365 -1.465349E+01  1.446226E+02
700 365 -1.461325E+01  1.470877E+02
705 365 -1.454375E+01  1.483786E+02
710 365 -1.449965E+01  1.502490E+02
715 365 -1.445372E+01  1.517267E+02
720 365 -1.438542E+01  1.531494E+02
725 365 -1.427022E+01  1.541643E+02
730 365 -1.427936E+01  1.556955E+02
735 365 -1.425533E+01  1.564247E+02
740 365 -1.414790E+01  1.573970E+02
745 365 -1.411703E+01  1.583967E+02
750 365 -1.411202E+01  1.594748E+02
755 365 -1.408570E+01  1.599376E+02
760 365 -1.406182E+01  1.605363E+02
765 365 -1.396820E+01  1.609854E+02
770 365 -1.399365E+01  1.615608E+02
775 365 -1.396329E+01  1.620360E+02
780 365 -1.395236E+01  1.626951E+02
785 365 -1.393329E+01  1.631319E+02
