365 785 -6.312876E+00 -2.193558E+01
365 780 -6.328998E+00 -2.193283E+01
365 775 -6.369879E+00 -2.178040E+01
365 770 -6.353894E+00 -2.180099E+01
365 765 -6.442362E+00 -2.158951E+01
365 760 -6.466660E+00 -2.145355E+01
365 755 -6.494910E+00 -2.139862E+01
365 750 -6.528074E+00 -2.132309E+01
365 745 -6.658525E+00 -2.083282E+01
365 740 -6.603129E+00 -2.073807E+01
365 735 -6.603865E+00 -2.067215E+01
365 730 -6.672168E+00 -2.050873E+01
365 725 -6.769914E+00 -1.995529E+01
365 720 -6.791043E+00 -2.003906E+01
365 715 -6.937847E+00 -1.957626E+01
365 710 -6.901192E+00 -1.958450E+01
365 705 -6.968990E+00 -1.913681E+01
365 700 -7.055391E+00 -1.850647E+01
365 695 -7.182994E+00 -1.814667E+01
365 690 -7.192962E+00 -1.780197E+01
365 685 -7.221670E+00 -1.746964E+01
365 680 -7.384918E+00 -1.682556E+01
365 675 -7.508020E+00 -1.637375E+01
365 670 -7.550279E+00 -1.547287E+01
365 665 -7.725745E+00 -1.522568E+01
365 660 -7.769657E+00 -1.410507E+01
365 655 -7.878750E+00 -1.332504E+01
365 650 -8.013840E+00 -1.237747E+01
365 645 -8.158255E+00 -1.140106E+01
365 640 -8.267670E+00 -1.023514E+01
365 635 -8.384892E+00 -9.006042E+00
365 630 -8.497015E+00 -7.586060E+00
365 625 -8.662882E+00 -6.116638E+00
365 620 -8.781069E+00 -4.803772E+00
365 615 -8.873486E+00 -3.061066E+00
365 610 -8.968798E+00 -1.480408E+00
365 605 -9.075594E+00  4.394531E-01
365 600 -9.163418E+00  2.006378E+00
365 595 -9.236361E+00  4.166565E+00
365 590 -9.290516E+00  5.887299E+00
365 585 -9.334246E+00  8.101044E+00
365 580 -9.379490E+00  1.030380E+01
365 575 -9.395016E+00  1.238708E+01
365 570 -9.364195E+00  1.435638E+01
365 565 -9.376780E+00  1.646301E+01
365 560 -9.341825E+00  1.834854E+01
365 555 -9.282707E+00  2.011734E+01
365 550 -9.213577E+00  2.185593E+01
365 545 -9.105221E+00  2.362885E+01
365 540 -9.075640E+00  2.505569E+01
365 535 -8.981108E+00  2.670502E+01
365 530 -8.868433E+00  2.783386E+01
365 525 -8.758560E+00  2.914948E+01
365 520 -8.676983E+00  3.051315E+01
365 515 -8.588194E+00  3.157333E+01
365 510 -8.495224E+00  3.259918E+01
365 505 -8.398718E+00  3.335037E+01
365 500 -8.322514E+00  3.420593E+01
365 495 -8.257380E+00  3.496124E+01
365 490 -8.148701E+00  3.566711E+01
365 485 -8.078423E+00  3.641144E+01
365 480 -8.000978E+00  3.695114E+01
365 475 -7.966942E+00  3.736176E+01
365 470 -7.891795E+00  3.785614E+01
365 465 -7.844254E+00  3.812119E+01
365 460 -7.798182E+00  3.850159E+01
365 455 -7.720554E+00  3.886688E+01
365 450 -7.685231E+00  3.937637E+01
365 445 -7.626162E+00  3.957687E+01
365 440 -7.598326E+00  3.969086E+01
365 435 -7.574119E+00  4.002869E+01
365 430 -7.535121E+00  4.010147E+01
365 425 -7.496996E+00  4.015503E+01
365 420 -7.483354E+00  4.072632E+01
365 415 -7.414821E+00  4.071808E+01
365 410 -7.407793E+00  4.082382E+01
365 405 -7.386066E+00  4.103806E+01
365 400 -7.354372E+00  4.100510E+01
365 395 -7.333748E+00  4.091446E+01
365 390 -7.347758E+00  4.129486E+01
365 385 -7.337561E+00  4.146652E+01
365 380 -7.311884E+00  4.158188E+01
365 375 -7.361032E+00  4.159836E+01
365 370 -7.277617E+00  4.153381E+01
365 365 -7.288871E+00  4.162170E+01
