785 785 -7.940668E+00 -9.786758E+01
780 785 -7.954907E+00 -9.774124E+01
775 785 -7.999600E+00 -9.749954E+01
770 785 -7.990414E+00 -9.751465E+01
765 785 -8.062391E+00 -9.742813E+01
760 785 -8.085405E+00 -9.734848E+01
755 785 -8.136988E+00 -9.708755E+01
750 785 -8.168453E+00 -9.679230E+01
745 785 -8.235516E+00 -9.664398E+01
740 785 -8.304737E+00 -9.661652E+01
735 785 -8.374695E+00 -9.611252E+01
730 785 -8.441574E+00 -9.587631E+01
725 785 -8.487553E+00 -9.555771E+01
720 785 -8.536793E+00 -9.501663E+01
715 785 -8.651672E+00 -9.463074E+01
710 785 -8.696274E+00 -9.416931E+01
705 785 -8.830997E+00 -9.368179E+01
700 785 -8.935266E+00 -9.294983E+01
695 785 -9.038618E+00 -9.237579E+01
690 785 -9.183491E+00 -9.151199E+01
685 785 -9.299520E+00 -9.074707E+01
680 785 -9.428364E+00 -8.979538E+01
675 785 -9.569931E+00 -8.877502E+01
670 785 -9.698866E+00 -8.768738E+01
665 785 -9.844109E+00 -8.639786E+01
660 785 -9.993254E+00 -8.482681E+01
655 785 -1.014222E+01 -8.333679E+01
650 785 -1.028489E+01 -8.162292E+01
645 785 -1.043867E+01 -7.937485E+01
640 785 -1.054593E+01 -7.754974E+01
635 785 -1.070844E+01 -7.532501E+01
630 785 -1.080104E+01 -7.282700E+01
625 785 -1.087876E+01 -7.055145E+01
620 785 -1.093678E+01 -6.782959E+01
615 785 -1.097421E+01 -6.478226E+01
610 785 -1.096112E+01 -6.206726E+01
605 785 -1.095170E+01 -5.924927E+01
600 785 -1.091454E+01 -5.659195E+01
595 785 -1.083099E+01 -5.390991E+01
590 785 -1.075975E+01 -5.114960E+01
585 785 -1.056784E+01 -4.870789E+01
580 785 -1.040243E+01 -4.588715E+01
575 785 -1.026412E+01 -4.384506E+01
570 785 -1.010138E+01 -4.166840E+01
565 785 -9.881636E+00 -3.931183E+01
560 785 -9.650452E+00 -3.774628E+01
555 785 -9.440351E+00 -3.625488E+01
550 785 -9.282064E+00 -3.446960E+01
545 785 -9.027042E+00 -3.291229E+01
540 785 -8.846752E+00 -3.198120E+01
535 785 -8.666096E+00 -3.093063E+01
530 785 -8.511576E+00 -2.986771E+01
525 785 -8.319252E+00 -2.900803E+01
520 785 -8.150997E+00 -2.821976E+01
515 785 -8.041033E+00 -2.745758E+01
510 785 -7.886742E+00 -2.699753E+01
505 785 -7.742557E+00 -2.623810E+01
500 785 -7.615229E+00 -2.608017E+01
495 785 -7.481057E+00 -2.563660E+01
490 785 -7.399939E+00 -2.530563E+01
485 785 -7.335080E+00 -2.489502E+01
480 785 -7.221073E+00 -2.473434E+01
475 785 -7.120111E+00 -2.411087E+01
470 785 -7.032792E+00 -2.420700E+01
465 785 -6.978177E+00 -2.381149E+01
460 785 -6.932473E+00 -2.351624E+01
455 785 -6.785210E+00 -2.358627E+01
450 785 -6.802481E+00 -2.311386E+01
445 785 -6.702162E+00 -2.283920E+01
440 785 -6.723337E+00 -2.292160E+01
435 785 -6.682089E+00 -2.306305E+01
430 785 -6.615072E+00 -2.253845E+01
425 785 -6.600924E+00 -2.283646E+01
420 785 -6.561514E+00 -2.251373E+01
415 785 -6.524077E+00 -2.240936E+01
410 785 -6.518382E+00 -2.261261E+01
405 785 -6.449758E+00 -2.246704E+01
400 785 -6.427710E+00 -2.225555E+01
395 785 -6.421371E+00 -2.243134E+01
390 785 -6.404972E+00 -2.214294E+01
385 785 -6.349669E+00 -2.219101E+01
380 785 -6.318663E+00 -2.197678E+01
375 785 -6.371992E+00 -2.207840E+01
370 785 -6.323486E+00 -2.222534E+01
365 785 -6.334878E+00 -2.218277E+01
