785 365 -1.391653E+01  1.631868E+02
785 370 -1.388038E+01  1.633392E+02
785 375 -1.393343E+01  1.636592E+02
785 380 -1.388456E+01  1.639723E+02
785 385 -1.392103E+01  1.639600E+02
785 390 -1.393426E+01  1.644461E+02
785 395 -1.396857E+01  1.644955E+02
785 400 -1.396834E+01  1.648361E+02
785 405 -1.397220E+01  1.649652E+02
785 410 -1.396830E+01  1.653635E+02
785 415 -1.395080E+01  1.663124E+02
785 420 -1.394983E+01  1.664703E+02
785 425 -1.399384E+01  1.671570E+02
785 430 -1.399701E+01  1.676898E+02
785 435 -1.401510E+01  1.681073E+02
785 440 -1.401841E+01  1.690041E+02
785 445 -1.400578E+01  1.694572E+02
785 450 -1.400367E+01  1.699818E+02
785 455 -1.401060E+01  1.712398E+02
785 460 -1.405437E+01  1.722286E+02
785 465 -1.406806E+01  1.731665E+02
785 470 -1.408341E+01  1.741196E+02
785 475 -1.406297E+01  1.754517E+02
785 480 -1.404110E+01  1.767810E+02
785 485 -1.405047E+01  1.783342E+02
785 490 -1.405470E+01  1.796608E+02
785 495 -1.403416E+01 -1.790195E+02
785 500 -1.403747E+01 -1.770612E+02
785 505 -1.401676E+01 -1.754558E+02
785 510 -1.406251E+01 -1.733025E+02
785 515 -1.395374E+01 -1.713634E+02
785 520 -1.392875E+01 -1.691002E+02
785 525 -1.387652E+01 -1.666914E+02
785 530 -1.379425E+01 -1.643459E+02
785 535 -1.370165E+01 -1.619701E+02
785 540 -1.362843E+01 -1.593649E+02
785 545 -1.349509E+01 -1.566733E+02
785 550 -1.336772E+01 -1.539775E+02
785 555 -1.325187E+01 -1.513380E+02
785 560 -1.310704E+01 -1.486340E+02
785 565 -1.294609E+01 -1.459520E+02
785 570 -1.277246E+01 -1.431615E+02
785 575 -1.256062E+01 -1.407568E+02
785 580 -1.235594E+01 -1.379663E+02
785 585 -1.220766E+01 -1.354738E+02
785 590 -1.202485E+01 -1.329854E+02
785 595 -1.175044E+01 -1.308252E+02
785 600 -1.156698E+01 -1.283079E+02
785 605 -1.134099E+01 -1.263153E+02
785 610 -1.115684E+01 -1.241895E+02
785 615 -1.094817E+01 -1.223108E+02
785 620 -1.076397E+01 -1.204829E+02
785 625 -1.058148E+01 -1.188611E+02
785 630 -1.039889E+01 -1.170044E+02
785 635 -1.019463E+01 -1.155885E+02
785 640 -1.005917E+01 -1.142303E+02
785 645 -9.898769E+00 -1.128914E+02
785 650 -9.754721E+00 -1.115813E+02
785 655 -9.622984E+00 -1.105225E+02
785 660 -9.469749E+00 -1.094115E+02
785 665 -9.352757E+00 -1.084172E+02
785 670 -9.240036E+00 -1.075534E+02
785 675 -9.123503E+00 -1.066731E+02
785 680 -8.982395E+00 -1.059261E+02
785 685 -8.926081E+00 -1.051062E+02
785 690 -8.845881E+00 -1.044182E+02
785 695 -8.749695E+00 -1.038029E+02
785 700 -8.687042E+00 -1.032770E+02
785 705 -8.617867E+00 -1.026631E+02
785 710 -8.528067E+00 -1.021468E+02
785 715 -8.493753E+00 -1.016400E+02
785 720 -8.420305E+00 -1.012088E+02
785 725 -8.357056E+00 -1.009341E+02
785 730 -8.312914E+00 -1.005125E+02
785 735 -8.265371E+00 -1.002530E+02
785 740 -8.217096E+00 -9.995911E+01
785 745 -8.162802E+00 -9.969818E+01
785 750 -8.149206E+00 -9.929718E+01
785 755 -8.123346E+00 -9.911041E+01
785 760 -8.065056E+00 -9.885223E+01
785 765 -8.029043E+00 -9.863251E+01
785 770 -8.042961E+00 -9.837433E+01
785 775 -7.980171E+00 -9.804749E+01
785 780 -7.959639E+00 -9.809006E+01
785 785 -7.926107E+00 -9.779755E+01
