370 780 -6.361840E+00 -2.188889E+01
370 775 -6.369557E+00 -2.189987E+01
370 770 -6.415353E+00 -2.160599E+01
370 765 -6.468590E+00 -2.196716E+01
370 760 -6.503453E+00 -2.160324E+01
370 755 -6.490179E+00 -2.132996E+01
370 750 -6.605747E+00 -2.135468E+01
370 745 -6.558895E+00 -2.117203E+01
370 740 -6.582414E+00 -2.081909E+01
370 735 -6.664313E+00 -2.066803E+01
370 730 -6.743870E+00 -2.067627E+01
370 725 -6.742676E+00 -2.034393E+01
370 720 -6.791411E+00 -2.006104E+01
370 715 -6.860403E+00 -1.985504E+01
370 710 -6.934540E+00 -1.933868E+01
370 705 -6.975237E+00 -1.959824E+01
370 700 -7.149187E+00 -1.880035E+01
370 695 -7.191584E+00 -1.808212E+01
370 690 -7.163978E+00 -1.811783E+01
370 685 -7.317626E+00 -1.696838E+01
370 680 -7.399663E+00 -1.696564E+01
370 675 -7.483078E+00 -1.639023E+01
370 670 -7.624875E+00 -1.565002E+01
370 665 -7.693591E+00 -1.496063E+01
370 660 -7.807323E+00 -1.423965E+01
370 655 -7.921743E+00 -1.328522E+01
370 650 -7.984534E+00 -1.295288E+01
370 645 -8.154213E+00 -1.154251E+01
370 640 -8.290176E+00 -1.029968E+01
370 635 -8.406204E+00 -9.114532E+00
370 630 -8.534222E+00 -7.922516E+00
370 625 -8.658701E+00 -6.616516E+00
370 620 -8.749098E+00 -4.709015E+00
370 615 -8.873531E+00 -3.209381E+00
370 610 -8.947393E+00 -1.550446E+00
370 605 -9.090523E+00  3.282166E-01
370 600 -9.192173E+00  2.101135E+00
370 595 -9.266218E+00  4.152832E+00
370 590 -9.316332E+00  6.137238E+00
370 585 -9.363413E+00  8.079071E+00
370 580 -9.406775E+00  1.015274E+01
370 575 -9.397818E+00  1.224152E+01
370 570 -9.417845E+00  1.402679E+01
370 565 -9.349495E+00  1.640121E+01
370 560 -9.336174E+00  1.826614E+01
370 555 -9.268469E+00  2.023270E+01
370 550 -9.217161E+00  2.188889E+01
370 545 -9.140360E+00  2.355469E+01
370 540 -9.044910E+00  2.521362E+01
370 535 -8.961220E+00  2.669678E+01
370 530 -8.870501E+00  2.784485E+01
370 525 -8.798983E+00  2.934174E+01
370 520 -8.696045E+00  3.060928E+01
370 515 -8.606062E+00  3.158432E+01
370 510 -8.490952E+00  3.236572E+01
370 505 -8.410109E+00  3.333939E+01
370 500 -8.341530E+00  3.428284E+01
370 495 -8.233265E+00  3.494614E+01
370 490 -8.177593E+00  3.562592E+01
370 485 -8.092983E+00  3.647598E+01
370 480 -8.051046E+00  3.686325E+01
370 475 -7.968090E+00  3.751831E+01
370 470 -7.887798E+00  3.759247E+01
370 465 -7.827993E+00  3.816238E+01
370 460 -7.788399E+00  3.859085E+01
370 455 -7.692857E+00  3.885727E+01
370 450 -7.721014E+00  3.903992E+01
370 445 -7.658452E+00  3.957138E+01
370 440 -7.626069E+00  3.969772E+01
370 435 -7.594237E+00  3.988037E+01
370 430 -7.543894E+00  4.009048E+01
370 425 -7.526072E+00  4.026901E+01
370 420 -7.488866E+00  4.067688E+01
370 415 -7.456299E+00  4.065491E+01
370 410 -7.471825E+00  4.097488E+01
370 405 -7.415372E+00  4.107376E+01
370 400 -7.410962E+00  4.091309E+01
370 395 -7.407426E+00  4.127151E+01
370 390 -7.399893E+00  4.137726E+01
370 385 -7.330119E+00  4.136627E+01
370 380 -7.374629E+00  4.140472E+01
370 375 -7.270773E+00  4.145004E+01
370 370 -7.294704E+00  4.145554E+01
