780 780 -7.988209E+00 -9.786896E+01
775 780 -8.006767E+00 -9.779068E+01
770 780 -8.059177E+00 -9.770828E+01
765 780 -8.070200E+00 -9.755035E+01
760 780 -8.127111E+00 -9.735123E+01
755 780 -8.179018E+00 -9.717682E+01
750 780 -8.221046E+00 -9.688156E+01
745 780 -8.269781E+00 -9.677444E+01
740 780 -8.305471E+00 -9.658081E+01
735 780 -8.381216E+00 -9.634460E+01
730 780 -8.439920E+00 -9.593811E+01
725 780 -8.493340E+00 -9.558929E+01
720 780 -8.599447E+00 -9.508118E+01
715 780 -8.681347E+00 -9.476257E+01
710 780 -8.777439E+00 -9.419266E+01
705 780 -8.872934E+00 -9.380539E+01
700 780 -8.963791E+00 -9.316956E+01
695 780 -9.092314E+00 -9.240875E+01
690 780 -9.201176E+00 -9.175644E+01
685 780 -9.305216E+00 -9.085831E+01
680 780 -9.468924E+00 -8.986679E+01
675 780 -9.606770E+00 -8.894669E+01
670 780 -9.741400E+00 -8.780136E+01
665 780 -9.900560E+00 -8.641846E+01
660 780 -1.003239E+01 -8.496002E+01
655 780 -1.019348E+01 -8.331619E+01
650 780 -1.033835E+01 -8.166687E+01
645 780 -1.046770E+01 -7.959457E+01
640 780 -1.063733E+01 -7.765549E+01
635 780 -1.072718E+01 -7.524948E+01
630 780 -1.085786E+01 -7.301102E+01
625 780 -1.091303E+01 -7.052811E+01
620 780 -1.103103E+01 -6.772934E+01
615 780 -1.103944E+01 -6.491684E+01
610 780 -1.100462E+01 -6.227737E+01
605 780 -1.098174E+01 -5.945938E+01
600 780 -1.095859E+01 -5.645325E+01
595 780 -1.090361E+01 -5.387833E+01
590 780 -1.073921E+01 -5.098480E+01
585 780 -1.060578E+01 -4.847855E+01
580 780 -1.045218E+01 -4.578278E+01
575 780 -1.029880E+01 -4.362946E+01
570 780 -1.009973E+01 -4.111771E+01
565 780 -9.901157E+00 -3.961945E+01
560 780 -9.705618E+00 -3.762405E+01
555 780 -9.491568E+00 -3.613266E+01
550 780 -9.279079E+00 -3.447510E+01
545 780 -9.071001E+00 -3.331329E+01
540 780 -8.892641E+00 -3.201965E+01
535 780 -8.727602E+00 -3.098557E+01
530 780 -8.531374E+00 -2.985123E+01
525 780 -8.345160E+00 -2.906845E+01
520 780 -8.157337E+00 -2.838181E+01
515 780 -7.990873E+00 -2.755646E+01
510 780 -7.857804E+00 -2.708542E+01
505 780 -7.799422E+00 -2.632324E+01
500 780 -7.613667E+00 -2.566269E+01
495 780 -7.520560E+00 -2.530563E+01
490 780 -7.423824E+00 -2.508728E+01
485 780 -7.311378E+00 -2.472336E+01
480 780 -7.251022E+00 -2.455856E+01
475 780 -7.110189E+00 -2.389114E+01
470 780 -7.044688E+00 -2.420013E+01
465 780 -6.993519E+00 -2.388702E+01
460 780 -6.948733E+00 -2.368790E+01
455 780 -6.867890E+00 -2.345718E+01
450 780 -6.869452E+00 -2.309464E+01
445 780 -6.794718E+00 -2.286255E+01
440 780 -6.689163E+00 -2.312759E+01
435 780 -6.681676E+00 -2.274582E+01
430 780 -6.613097E+00 -2.262909E+01
425 780 -6.648696E+00 -2.257416E+01
420 780 -6.579198E+00 -2.266617E+01
415 780 -6.509517E+00 -2.266205E+01
410 780 -6.518703E+00 -2.253433E+01
405 780 -6.491189E+00 -2.230637E+01
400 780 -6.453478E+00 -2.242035E+01
395 780 -6.445669E+00 -2.221436E+01
390 780 -6.423437E+00 -2.244507E+01
385 780 -6.411770E+00 -2.211685E+01
380 780 -6.403089E+00 -2.214706E+01
375 780 -6.370614E+00 -2.212646E+01
370 780 -6.370751E+00 -2.181610E+01
