780 370 -1.392971E+01  1.628682E+02
780 375 -1.393651E+01  1.632019E+02
780 380 -1.391520E+01  1.633530E+02
780 385 -1.391708E+01  1.635521E+02
780 390 -1.395144E+01  1.639984E+02
780 395 -1.394138E+01  1.641220E+02
780 400 -1.395521E+01  1.644708E+02
780 405 -1.397712E+01  1.650696E+02
780 410 -1.398299E+01  1.653607E+02
780 415 -1.400261E+01  1.653964E+02
780 420 -1.396425E+01  1.658839E+02
780 425 -1.395769E+01  1.665747E+02
780 430 -1.402112E+01  1.669977E+02
780 435 -1.404937E+01  1.675085E+02
780 440 -1.407027E+01  1.684012E+02
780 445 -1.402953E+01  1.690356E+02
780 450 -1.407068E+01  1.697690E+02
780 455 -1.406076E+01  1.706891E+02
780 460 -1.407845E+01  1.716861E+02
780 465 -1.407537E+01  1.727641E+02
780 470 -1.410803E+01  1.736568E+02
780 475 -1.410504E+01  1.747060E+02
780 480 -1.409457E+01  1.762537E+02
780 485 -1.407890E+01  1.777423E+02
780 490 -1.408497E+01  1.790167E+02
780 495 -1.410513E+01 -1.793628E+02
780 500 -1.411859E+01 -1.775391E+02
780 505 -1.408405E+01 -1.757716E+02
780 510 -1.406016E+01 -1.738765E+02
780 515 -1.402544E+01 -1.717808E+02
780 520 -1.399985E+01 -1.694105E+02
780 525 -1.390592E+01 -1.673946E+02
780 530 -1.379549E+01 -1.648952E+02
780 535 -1.374616E+01 -1.624329E+02
780 540 -1.369196E+01 -1.598373E+02
780 545 -1.359256E+01 -1.571924E+02
780 550 -1.345646E+01 -1.543043E+02
780 555 -1.329280E+01 -1.515537E+02
780 560 -1.317034E+01 -1.487851E+02
780 565 -1.299432E+01 -1.461594E+02
780 570 -1.280177E+01 -1.435556E+02
780 575 -1.263429E+01 -1.406552E+02
780 580 -1.242805E+01 -1.381023E+02
780 585 -1.224625E+01 -1.357402E+02
780 590 -1.202567E+01 -1.331790E+02
780 595 -1.186325E+01 -1.308389E+02
780 600 -1.161926E+01 -1.285895E+02
780 605 -1.140755E+01 -1.263551E+02
780 610 -1.120562E+01 -1.242622E+02
780 615 -1.101105E+01 -1.223067E+02
780 620 -1.081165E+01 -1.204857E+02
780 625 -1.062236E+01 -1.187320E+02
780 630 -1.043527E+01 -1.171335E+02
780 635 -1.026817E+01 -1.154512E+02
780 640 -1.008384E+01 -1.140587E+02
780 645 -9.941809E+00 -1.129518E+02
780 650 -9.778515E+00 -1.116046E+02
780 655 -9.644894E+00 -1.104950E+02
780 660 -9.517015E+00 -1.093950E+02
780 665 -9.358957E+00 -1.081865E+02
780 670 -9.280596E+00 -1.073296E+02
780 675 -9.144632E+00 -1.065646E+02
780 680 -9.042200E+00 -1.057764E+02
780 685 -8.945831E+00 -1.051268E+02
780 690 -8.903160E+00 -1.043564E+02
780 695 -8.776016E+00 -1.036876E+02
780 700 -8.688925E+00 -1.033182E+02
780 705 -8.598068E+00 -1.025546E+02
780 710 -8.561735E+00 -1.020808E+02
780 715 -8.496418E+00 -1.016002E+02
780 720 -8.454113E+00 -1.012926E+02
780 725 -8.397570E+00 -1.009644E+02
780 730 -8.358572E+00 -1.004082E+02
780 735 -8.302027E+00 -1.001706E+02
780 740 -8.260733E+00 -9.977646E+01
780 745 -8.215994E+00 -9.948257E+01
780 750 -8.169050E+00 -9.931503E+01
780 755 -8.105156E+00 -9.905685E+01
780 760 -8.096291E+00 -9.881653E+01
780 765 -8.046820E+00 -9.865860E+01
780 770 -8.033592E+00 -9.838806E+01
780 775 -8.012646E+00 -9.823288E+01
780 780 -7.989634E+00 -9.789642E+01
