370 370 -7.327914E+00  4.180710E+01
375 370 -7.295118E+00  4.182907E+01
380 370 -7.304672E+00  4.178925E+01
385 370 -7.333335E+00  4.216553E+01
390 370 -7.378074E+00  4.194443E+01
395 370 -7.367510E+00  4.211472E+01
400 370 -7.397779E+00  4.219574E+01
405 370 -7.401178E+00  4.238663E+01
410 370 -7.398882E+00  4.242371E+01
415 370 -7.453957E+00  4.293732E+01
420 370 -7.460112E+00  4.269974E+01
425 370 -7.478209E+00  4.294693E+01
430 370 -7.522397E+00  4.320099E+01
435 370 -7.542194E+00  4.338089E+01
440 370 -7.603561E+00  4.379974E+01
445 370 -7.612060E+00  4.391785E+01
450 370 -7.684727E+00  4.418839E+01
455 370 -7.733829E+00  4.444519E+01
460 370 -7.786377E+00  4.467728E+01
465 370 -7.861616E+00  4.515106E+01
470 370 -7.939014E+00  4.553146E+01
475 370 -7.964507E+00  4.615082E+01
480 370 -8.056833E+00  4.652023E+01
485 370 -8.144751E+00  4.716568E+01
490 370 -8.216408E+00  4.782486E+01
495 370 -8.323433E+00  4.840988E+01
500 370 -8.423107E+00  4.911713E+01
505 370 -8.538860E+00  4.973099E+01
510 370 -8.687639E+00  5.071014E+01
515 370 -8.825899E+00  5.160690E+01
520 370 -8.956993E+00  5.249405E+01
525 370 -9.121666E+00  5.366547E+01
530 370 -9.281698E+00  5.475723E+01
535 370 -9.459414E+00  5.603851E+01
540 370 -9.668228E+00  5.732529E+01
545 370 -9.872173E+00  5.882217E+01
550 370 -1.009596E+01  6.058685E+01
555 370 -1.033877E+01  6.224304E+01
560 370 -1.055231E+01  6.394867E+01
565 370 -1.080531E+01  6.591797E+01
570 370 -1.108505E+01  6.809464E+01
575 370 -1.135978E+01  7.031113E+01
580 370 -1.166018E+01  7.274048E+01
585 370 -1.196311E+01  7.547745E+01
590 370 -1.224551E+01  7.828995E+01
595 370 -1.251037E+01  8.117935E+01
600 370 -1.281160E+01  8.429810E+01
605 370 -1.307526E+01  8.738800E+01
610 370 -1.335573E+01  9.070862E+01
615 370 -1.361364E+01  9.424210E+01
620 370 -1.382094E+01  9.762314E+01
625 370 -1.406788E+01  1.015480E+02
630 370 -1.427623E+01  1.052065E+02
635 370 -1.441188E+01  1.088484E+02
640 370 -1.457402E+01  1.128145E+02
645 370 -1.467783E+01  1.162683E+02
650 370 -1.474779E+01  1.200600E+02
655 370 -1.478775E+01  1.235742E+02
660 370 -1.485174E+01  1.266916E+02
665 370 -1.486731E+01  1.298378E+02
670 370 -1.485252E+01  1.325597E+02
675 370 -1.480580E+01  1.357127E+02
680 370 -1.483332E+01  1.380652E+02
685 370 -1.475385E+01  1.406731E+02
690 370 -1.468288E+01  1.428085E+02
695 370 -1.468610E+01  1.451267E+02
700 370 -1.460204E+01  1.470122E+02
705 370 -1.455707E+01  1.485654E+02
710 370 -1.451863E+01  1.503067E+02
715 370 -1.445827E+01  1.516951E+02
720 370 -1.438055E+01  1.534309E+02
725 370 -1.431445E+01  1.540929E+02
730 370 -1.427270E+01  1.553480E+02
735 370 -1.423834E+01  1.565799E+02
740 370 -1.421703E+01  1.577266E+02
745 370 -1.413453E+01  1.582800E+02
750 370 -1.407849E+01  1.590559E+02
755 370 -1.405222E+01  1.600639E+02
760 370 -1.401359E+01  1.607107E+02
765 370 -1.399402E+01  1.613905E+02
770 370 -1.398520E+01  1.614922E+02
775 370 -1.398745E+01  1.623656E+02
780 370 -1.389719E+01  1.625496E+02
