375 775 -6.375437E+00 -2.189026E+01
375 770 -6.444200E+00 -2.222809E+01
375 765 -6.498676E+00 -2.213882E+01
375 760 -6.484942E+00 -2.187241E+01
375 755 -6.522608E+00 -2.161423E+01
375 750 -6.500284E+00 -2.170349E+01
375 745 -6.547136E+00 -2.104294E+01
375 740 -6.664038E+00 -2.096878E+01
375 735 -6.683330E+00 -2.071472E+01
375 730 -6.727058E+00 -2.066803E+01
375 725 -6.827102E+00 -2.048538E+01
375 720 -6.792927E+00 -2.034256E+01
375 715 -6.914834E+00 -1.982071E+01
375 710 -6.983781E+00 -1.974243E+01
375 705 -7.000317E+00 -1.923843E+01
375 700 -7.051166E+00 -1.890610E+01
375 695 -7.142572E+00 -1.854355E+01
375 690 -7.203343E+00 -1.787476E+01
375 685 -7.359747E+00 -1.743668E+01
375 680 -7.444677E+00 -1.707550E+01
375 675 -7.512016E+00 -1.653992E+01
375 670 -7.573797E+00 -1.584091E+01
375 665 -7.715961E+00 -1.509109E+01
375 660 -7.806955E+00 -1.439896E+01
375 655 -7.908239E+00 -1.360107E+01
375 650 -8.076309E+00 -1.251892E+01
375 645 -8.176720E+00 -1.166473E+01
375 640 -8.318701E+00 -1.044388E+01
375 635 -8.370100E+00 -9.321899E+00
375 630 -8.547403E+00 -7.859344E+00
375 625 -8.699398E+00 -6.611023E+00
375 620 -8.801094E+00 -5.121002E+00
375 615 -8.890528E+00 -3.220367E+00
375 610 -9.008806E+00 -1.617737E+00
375 605 -9.119230E+00  1.194763E-01
375 600 -9.191439E+00  1.932220E+00
375 595 -9.262177E+00  3.992157E+00
375 590 -9.339621E+00  5.848846E+00
375 585 -9.382843E+00  8.186188E+00
375 580 -9.447931E+00  1.032166E+01
375 575 -9.436724E+00  1.230606E+01
375 570 -9.402733E+00  1.423416E+01
375 565 -9.400803E+00  1.629959E+01
375 560 -9.348944E+00  1.818375E+01
375 555 -9.295385E+00  1.996353E+01
375 550 -9.242838E+00  2.170624E+01
375 545 -9.181562E+00  2.362198E+01
375 540 -9.077799E+00  2.500351E+01
375 535 -8.993511E+00  2.667755E+01
375 530 -8.893513E+00  2.794098E+01
375 525 -8.792919E+00  2.928543E+01
375 520 -8.677626E+00  3.063675E+01
375 515 -8.625490E+00  3.159119E+01
375 510 -8.512632E+00  3.261429E+01
375 505 -8.445982E+00  3.343964E+01
375 500 -8.351635E+00  3.426773E+01
375 495 -8.264914E+00  3.498459E+01
375 490 -8.192385E+00  3.559021E+01
375 485 -8.125780E+00  3.627411E+01
375 480 -8.038874E+00  3.674103E+01
375 475 -7.972178E+00  3.744553E+01
375 470 -7.926015E+00  3.782730E+01
375 465 -7.820552E+00  3.826675E+01
375 460 -7.859825E+00  3.840820E+01
375 455 -7.710265E+00  3.885727E+01
375 450 -7.724964E+00  3.923904E+01
375 445 -7.678525E+00  3.939697E+01
375 440 -7.652987E+00  3.961533E+01
375 435 -7.581835E+00  4.004791E+01
375 430 -7.588588E+00  4.020859E+01
375 425 -7.508158E+00  4.029236E+01
375 420 -7.496078E+00  4.052032E+01
375 415 -7.474259E+00  4.059311E+01
375 410 -7.467139E+00  4.076477E+01
375 405 -7.402556E+00  4.103256E+01
375 400 -7.382576E+00  4.099136E+01
375 395 -7.393784E+00  4.107513E+01
375 390 -7.387353E+00  4.126602E+01
375 385 -7.360941E+00  4.117126E+01
375 380 -7.331038E+00  4.128799E+01
375 375 -7.308347E+00  4.144592E+01
