375 375 -7.312297E+00  4.142670E+01
380 375 -7.353638E+00  4.143082E+01
385 375 -7.349365E+00  4.186203E+01
390 375 -7.348080E+00  4.166428E+01
395 375 -7.366178E+00  4.216278E+01
400 375 -7.368198E+00  4.214493E+01
405 375 -7.429749E+00  4.229874E+01
410 375 -7.381474E+00  4.227402E+01
415 375 -7.445413E+00  4.240860E+01
420 375 -7.482160E+00  4.285767E+01
425 375 -7.507285E+00  4.311859E+01
430 375 -7.554459E+00  4.302383E+01
435 375 -7.578023E+00  4.333420E+01
440 375 -7.590563E+00  4.344131E+01
445 375 -7.626023E+00  4.371872E+01
450 375 -7.671497E+00  4.399750E+01
455 375 -7.777788E+00  4.416367E+01
460 375 -7.781738E+00  4.471436E+01
465 375 -7.875443E+00  4.531586E+01
470 375 -7.917747E+00  4.542297E+01
475 375 -7.999555E+00  4.578964E+01
480 375 -8.051046E+00  4.648727E+01
485 375 -8.157658E+00  4.699265E+01
490 375 -8.244013E+00  4.755020E+01
495 375 -8.336340E+00  4.821075E+01
500 375 -8.440424E+00  4.890427E+01
505 375 -8.556728E+00  4.966782E+01
510 375 -8.695080E+00  5.059204E+01
515 375 -8.830860E+00  5.143799E+01
520 375 -8.960209E+00  5.236908E+01
525 375 -9.123640E+00  5.360641E+01
530 375 -9.281790E+00  5.462952E+01
535 375 -9.478432E+00  5.588196E+01
540 375 -9.692665E+00  5.722778E+01
545 375 -9.894268E+00  5.875214E+01
550 375 -1.009605E+01  6.035202E+01
555 375 -1.033321E+01  6.208237E+01
560 375 -1.056269E+01  6.383057E+01
565 375 -1.084077E+01  6.580948E+01
570 375 -1.108192E+01  6.785843E+01
575 375 -1.139928E+01  7.014359E+01
580 375 -1.165908E+01  7.266907E+01
585 375 -1.196224E+01  7.518494E+01
590 375 -1.221740E+01  7.808670E+01
595 375 -1.253632E+01  8.086487E+01
600 375 -1.283355E+01  8.397400E+01
605 375 -1.309441E+01  8.714218E+01
610 375 -1.336969E+01  9.064957E+01
615 375 -1.362977E+01  9.426682E+01
620 375 -1.389728E+01  9.758606E+01
625 375 -1.409089E+01  1.014395E+02
630 375 -1.428253E+01  1.051639E+02
635 375 -1.445363E+01  1.089748E+02
640 375 -1.455840E+01  1.125522E+02
645 375 -1.466153E+01  1.165704E+02
650 375 -1.481356E+01  1.200668E+02
655 375 -1.484388E+01  1.232639E+02
660 375 -1.483350E+01  1.267671E+02
665 375 -1.492133E+01  1.298199E+02
670 375 -1.488940E+01  1.330788E+02
675 375 -1.482358E+01  1.355699E+02
680 375 -1.481559E+01  1.380212E+02
685 375 -1.477843E+01  1.408626E+02
690 375 -1.472762E+01  1.428799E+02
695 375 -1.467742E+01  1.452928E+02
700 375 -1.456148E+01  1.470685E+02
705 375 -1.457168E+01  1.487356E+02
710 375 -1.450246E+01  1.501968E+02
715 375 -1.446029E+01  1.518338E+02
720 375 -1.437674E+01  1.531879E+02
725 375 -1.436006E+01  1.547136E+02
730 375 -1.428593E+01  1.555623E+02
735 375 -1.425474E+01  1.567392E+02
740 375 -1.421032E+01  1.575027E+02
745 375 -1.416825E+01  1.586220E+02
750 375 -1.414041E+01  1.594666E+02
755 375 -1.407027E+01  1.600653E+02
760 375 -1.403940E+01  1.608137E+02
765 375 -1.400867E+01  1.614221E+02
770 375 -1.397762E+01  1.617023E+02
775 375 -1.397946E+01  1.621912E+02
