775 775 -8.050219E+00 -9.819855E+01
770 775 -8.039608E+00 -9.805573E+01
765 775 -8.106947E+00 -9.790878E+01
760 775 -8.120359E+00 -9.767120E+01
755 775 -8.204924E+00 -9.739105E+01
750 775 -8.266613E+00 -9.731552E+01
745 775 -8.280254E+00 -9.710953E+01
740 775 -8.339739E+00 -9.683899E+01
735 775 -8.432158E+00 -9.645309E+01
730 775 -8.409557E+00 -9.628693E+01
725 775 -8.539688E+00 -9.575958E+01
720 775 -8.615707E+00 -9.546295E+01
715 775 -8.703625E+00 -9.509766E+01
710 775 -8.808857E+00 -9.448242E+01
705 775 -8.898199E+00 -9.390701E+01
700 775 -8.993832E+00 -9.348129E+01
695 775 -9.136915E+00 -9.283035E+01
690 775 -9.256067E+00 -9.184021E+01
685 775 -9.376734E+00 -9.095169E+01
680 775 -9.477604E+00 -9.015106E+01
675 775 -9.629965E+00 -8.898239E+01
670 775 -9.768456E+00 -8.785080E+01
665 775 -9.893717E+00 -8.657639E+01
660 775 -1.005526E+01 -8.521133E+01
655 775 -1.022481E+01 -8.361694E+01
650 775 -1.036720E+01 -8.187424E+01
645 775 -1.049770E+01 -7.994888E+01
640 775 -1.064491E+01 -7.788620E+01
635 775 -1.077417E+01 -7.562988E+01
630 775 -1.084514E+01 -7.301651E+01
625 775 -1.095593E+01 -7.066132E+01
620 775 -1.101183E+01 -6.791885E+01
615 775 -1.103595E+01 -6.488937E+01
610 775 -1.106396E+01 -6.233917E+01
605 775 -1.103645E+01 -5.939346E+01
600 775 -1.099796E+01 -5.645325E+01
595 775 -1.091385E+01 -5.377945E+01
590 775 -1.082833E+01 -5.092850E+01
585 775 -1.066338E+01 -4.820938E+01
580 775 -1.049182E+01 -4.602585E+01
575 775 -1.029113E+01 -4.362808E+01
570 775 -1.013027E+01 -4.144867E+01
565 775 -9.928074E+00 -3.948349E+01
560 775 -9.726473E+00 -3.763779E+01
555 775 -9.493544E+00 -3.631943E+01
550 775 -9.332592E+00 -3.430618E+01
545 775 -9.142151E+00 -3.295624E+01
540 775 -8.908028E+00 -3.187546E+01
535 775 -8.731552E+00 -3.096497E+01
530 775 -8.555397E+00 -3.001602E+01
525 775 -8.369411E+00 -2.889130E+01
520 775 -8.279749E+00 -2.831039E+01
515 775 -8.060371E+00 -2.766632E+01
510 775 -7.952978E+00 -2.675720E+01
505 775 -7.775445E+00 -2.609665E+01
500 775 -7.728914E+00 -2.627655E+01
495 775 -7.527496E+00 -2.544846E+01
490 775 -7.426902E+00 -2.517380E+01
485 775 -7.292362E+00 -2.468079E+01
480 775 -7.224380E+00 -2.457230E+01
475 775 -7.113313E+00 -2.405045E+01
470 775 -7.113635E+00 -2.391037E+01
465 775 -7.029622E+00 -2.350662E+01
460 775 -6.992002E+00 -2.344757E+01
455 775 -6.905647E+00 -2.348190E+01
450 775 -6.841984E+00 -2.336243E+01
445 775 -6.781260E+00 -2.316055E+01
440 775 -6.723934E+00 -2.307129E+01
435 775 -6.714197E+00 -2.269775E+01
430 775 -6.653105E+00 -2.271011E+01
425 775 -6.598904E+00 -2.254120E+01
420 775 -6.601063E+00 -2.282684E+01
415 775 -6.532621E+00 -2.274445E+01
410 775 -6.550444E+00 -2.249588E+01
405 775 -6.469601E+00 -2.235992E+01
400 775 -6.476398E+00 -2.229675E+01
395 775 -6.487744E+00 -2.209076E+01
390 775 -6.412965E+00 -2.190674E+01
385 775 -6.433405E+00 -2.217590E+01
380 775 -6.404054E+00 -2.182846E+01
375 775 -6.446542E+00 -2.216080E+01
