775 375 -1.396467E+01  1.623971E+02
775 380 -1.398221E+01  1.628448E+02
775 385 -1.396425E+01  1.632719E+02
775 390 -1.396761E+01  1.631580E+02
775 395 -1.397900E+01  1.637320E+02
775 400 -1.400307E+01  1.639009E+02
775 405 -1.401046E+01  1.640547E+02
775 410 -1.403054E+01  1.646343E+02
775 415 -1.400385E+01  1.650490E+02
775 420 -1.402971E+01  1.657233E+02
775 425 -1.400527E+01  1.660226E+02
775 430 -1.401529E+01  1.664525E+02
775 435 -1.405479E+01  1.670691E+02
775 440 -1.404018E+01  1.677804E+02
775 445 -1.406760E+01  1.686703E+02
775 450 -1.410343E+01  1.689917E+02
775 455 -1.412024E+01  1.702469E+02
775 460 -1.409774E+01  1.712741E+02
775 465 -1.414753E+01  1.720679E+02
775 470 -1.412424E+01  1.733588E+02
775 475 -1.411404E+01  1.741388E+02
775 480 -1.413324E+01  1.755327E+02
775 485 -1.417137E+01  1.767824E+02
775 490 -1.411414E+01  1.786597E+02
775 495 -1.414551E+01 -1.799917E+02
775 500 -1.410954E+01 -1.780678E+02
775 505 -1.413843E+01 -1.762619E+02
775 510 -1.410389E+01 -1.744121E+02
775 515 -1.407316E+01 -1.720198E+02
775 520 -1.401616E+01 -1.699585E+02
775 525 -1.397537E+01 -1.676088E+02
775 530 -1.391437E+01 -1.653099E+02
775 535 -1.379866E+01 -1.629465E+02
775 540 -1.375255E+01 -1.601161E+02
775 545 -1.362618E+01 -1.573462E+02
775 550 -1.350565E+01 -1.547562E+02
775 555 -1.336390E+01 -1.520618E+02
775 560 -1.325614E+01 -1.495157E+02
775 565 -1.307774E+01 -1.464615E+02
775 570 -1.292450E+01 -1.439401E+02
775 575 -1.272965E+01 -1.411825E+02
775 580 -1.251202E+01 -1.384593E+02
775 585 -1.230233E+01 -1.358638E+02
775 590 -1.205572E+01 -1.333205E+02
775 595 -1.190482E+01 -1.310037E+02
775 600 -1.167098E+01 -1.286842E+02
775 605 -1.147865E+01 -1.264760E+02
775 610 -1.126966E+01 -1.244009E+02
775 615 -1.104619E+01 -1.224261E+02
775 620 -1.088092E+01 -1.205997E+02
775 625 -1.066604E+01 -1.188254E+02
775 630 -1.048589E+01 -1.171335E+02
775 635 -1.031056E+01 -1.156517E+02
775 640 -1.012384E+01 -1.143196E+02
775 645 -9.971207E+00 -1.128310E+02
775 650 -9.816456E+00 -1.115057E+02
775 655 -9.688484E+00 -1.103824E+02
775 660 -9.546366E+00 -1.095062E+02
775 665 -9.406820E+00 -1.083073E+02
775 670 -9.306778E+00 -1.073405E+02
775 675 -9.197548E+00 -1.065921E+02
775 680 -9.073618E+00 -1.058148E+02
775 685 -8.978306E+00 -1.050526E+02
775 690 -8.910555E+00 -1.044168E+02
775 695 -8.804632E+00 -1.036752E+02
775 700 -8.729622E+00 -1.031767E+02
775 705 -8.674915E+00 -1.027908E+02
775 710 -8.590811E+00 -1.021523E+02
775 715 -8.521175E+00 -1.015192E+02
775 720 -8.462105E+00 -1.012061E+02
775 725 -8.422510E+00 -1.007281E+02
775 730 -8.354668E+00 -1.005524E+02
775 735 -8.327980E+00 -1.000058E+02
775 740 -8.288568E+00 -9.968719E+01
775 745 -8.215811E+00 -9.957047E+01
775 750 -8.194818E+00 -9.910767E+01
775 755 -8.162941E+00 -9.909119E+01
775 760 -8.116180E+00 -9.868607E+01
775 765 -8.105984E+00 -9.851440E+01
775 770 -8.061243E+00 -9.823288E+01
775 775 -8.032581E+00 -9.810104E+01
