380 770 -6.446175E+00 -2.253708E+01
380 765 -6.448425E+00 -2.216492E+01
380 760 -6.543462E+00 -2.203583E+01
380 755 -6.539466E+00 -2.188614E+01
380 750 -6.587696E+00 -2.142883E+01
380 745 -6.600740E+00 -2.147415E+01
380 740 -6.634227E+00 -2.111298E+01
380 735 -6.662613E+00 -2.124893E+01
380 730 -6.735970E+00 -2.084518E+01
380 725 -6.782822E+00 -2.022720E+01
380 720 -6.803124E+00 -2.046616E+01
380 715 -6.850389E+00 -2.018051E+01
380 710 -6.932656E+00 -1.979874E+01
380 705 -7.020665E+00 -1.941833E+01
380 700 -7.092000E+00 -1.900772E+01
380 695 -7.218363E+00 -1.858063E+01
380 690 -7.239355E+00 -1.822906E+01
380 685 -7.344818E+00 -1.766052E+01
380 680 -7.425018E+00 -1.727875E+01
380 675 -7.495158E+00 -1.659485E+01
380 670 -7.622624E+00 -1.612381E+01
380 665 -7.710311E+00 -1.530121E+01
380 660 -7.829830E+00 -1.439896E+01
380 655 -7.972178E+00 -1.376862E+01
380 650 -8.063862E+00 -1.248596E+01
380 645 -8.201433E+00 -1.155350E+01
380 640 -8.319849E+00 -1.081055E+01
380 635 -8.413738E+00 -9.151611E+00
380 630 -8.608082E+00 -8.065338E+00
380 625 -8.718691E+00 -6.475067E+00
380 620 -8.815012E+00 -5.011139E+00
380 615 -8.962000E+00 -3.475800E+00
380 610 -9.064064E+00 -1.785278E+00
380 605 -9.161766E+00  1.840210E-01
380 600 -9.238382E+00  2.102509E+00
380 595 -9.305813E+00  3.997650E+00
380 590 -9.372692E+00  5.913391E+00
380 585 -9.395153E+00  7.827759E+00
380 580 -9.451239E+00  1.024338E+01
380 575 -9.430752E+00  1.216461E+01
380 570 -9.436907E+00  1.398560E+01
380 565 -9.425837E+00  1.598923E+01
380 560 -9.356201E+00  1.812057E+01
380 555 -9.344397E+00  2.026154E+01
380 550 -9.258410E+00  2.171173E+01
380 545 -9.181057E+00  2.333221E+01
380 540 -9.096769E+00  2.515869E+01
380 535 -9.043394E+00  2.655533E+01
380 530 -8.931684E+00  2.783661E+01
380 525 -8.841654E+00  2.924286E+01
380 520 -8.707298E+00  3.025635E+01
380 515 -8.639730E+00  3.155411E+01
380 510 -8.551630E+00  3.248245E+01
380 505 -8.471981E+00  3.331467E+01
380 500 -8.366564E+00  3.425812E+01
380 495 -8.294495E+00  3.485413E+01
380 490 -8.189581E+00  3.557785E+01
380 485 -8.142317E+00  3.625214E+01
380 480 -8.056927E+00  3.678085E+01
380 475 -8.016045E+00  3.740295E+01
380 470 -7.926796E+00  3.784241E+01
380 465 -7.861846E+00  3.800446E+01
380 460 -7.835158E+00  3.858124E+01
380 455 -7.783024E+00  3.853180E+01
380 450 -7.693638E+00  3.894241E+01
380 445 -7.682429E+00  3.944504E+01
380 440 -7.629192E+00  3.947388E+01
380 435 -7.596304E+00  3.989410E+01
380 430 -7.565162E+00  4.024155E+01
380 425 -7.509903E+00  4.017426E+01
380 420 -7.531630E+00  4.050110E+01
380 415 -7.443897E+00  4.046539E+01
380 410 -7.491668E+00  4.063293E+01
380 405 -7.478071E+00  4.097488E+01
380 400 -7.427729E+00  4.118500E+01
380 395 -7.415877E+00  4.108200E+01
380 390 -7.352811E+00  4.106827E+01
380 385 -7.396401E+00  4.118088E+01
380 380 -7.368153E+00  4.119461E+01
