770 770 -8.135059E+00 -9.837570E+01
765 770 -8.148792E+00 -9.816010E+01
760 770 -8.176168E+00 -9.807632E+01
755 770 -8.224031E+00 -9.774811E+01
750 770 -8.255680E+00 -9.769592E+01
745 770 -8.331608E+00 -9.734848E+01
740 770 -8.332159E+00 -9.703537E+01
735 770 -8.427794E+00 -9.676208E+01
730 770 -8.499725E+00 -9.655197E+01
725 770 -8.567476E+00 -9.613586E+01
720 770 -8.663616E+00 -9.588867E+01
715 770 -8.761042E+00 -9.533112E+01
710 770 -8.831043E+00 -9.484772E+01
705 770 -8.921671E+00 -9.439453E+01
700 770 -9.023552E+00 -9.365295E+01
695 770 -9.133791E+00 -9.314896E+01
690 770 -9.250692E+00 -9.234558E+01
685 770 -9.389963E+00 -9.134995E+01
680 770 -9.557436E+00 -9.046555E+01
675 770 -9.690001E+00 -8.946716E+01
670 770 -9.817604E+00 -8.831085E+01
665 770 -9.963305E+00 -8.699387E+01
660 770 -1.010855E+01 -8.557800E+01
655 770 -1.027726E+01 -8.375153E+01
650 770 -1.041570E+01 -8.216812E+01
645 770 -1.055098E+01 -8.025650E+01
640 770 -1.070848E+01 -7.824738E+01
635 770 -1.086489E+01 -7.580017E+01
630 770 -1.094440E+01 -7.332001E+01
625 770 -1.102272E+01 -7.077530E+01
620 770 -1.110723E+01 -6.807953E+01
615 770 -1.113636E+01 -6.515717E+01
610 770 -1.114380E+01 -6.253006E+01
605 770 -1.100949E+01 -5.967911E+01
600 770 -1.101518E+01 -5.680069E+01
595 770 -1.099502E+01 -5.389206E+01
590 770 -1.088005E+01 -5.118942E+01
585 770 -1.071051E+01 -4.844009E+01
580 770 -1.051097E+01 -4.611374E+01
575 770 -1.034396E+01 -4.355118E+01
570 770 -1.013193E+01 -4.159561E+01
565 770 -9.991049E+00 -3.957138E+01
560 770 -9.808601E+00 -3.749496E+01
555 770 -9.575075E+00 -3.605713E+01
550 770 -9.362036E+00 -3.453278E+01
545 770 -9.160892E+00 -3.302490E+01
540 770 -8.958830E+00 -3.187134E+01
535 770 -8.744873E+00 -3.087021E+01
530 770 -8.555029E+00 -2.974411E+01
525 770 -8.407675E+00 -2.903000E+01
520 770 -8.217096E+00 -2.819504E+01
515 770 -8.081638E+00 -2.785309E+01
510 770 -7.961246E+00 -2.685196E+01
505 770 -7.809252E+00 -2.603622E+01
500 770 -7.727766E+00 -2.564758E+01
495 770 -7.607558E+00 -2.515732E+01
490 770 -7.530436E+00 -2.512848E+01
485 770 -7.345921E+00 -2.482635E+01
480 770 -7.269855E+00 -2.440338E+01
475 770 -7.197463E+00 -2.424820E+01
470 770 -7.099947E+00 -2.379364E+01
465 770 -7.071239E+00 -2.345993E+01
460 770 -6.974731E+00 -2.397354E+01
455 770 -6.908128E+00 -2.327728E+01
450 770 -6.870417E+00 -2.322372E+01
445 770 -6.813827E+00 -2.265244E+01
440 770 -6.799954E+00 -2.305069E+01
435 770 -6.694353E+00 -2.281586E+01
430 770 -6.687601E+00 -2.283371E+01
425 770 -6.669457E+00 -2.262634E+01
420 770 -6.622467E+00 -2.265106E+01
415 770 -6.556690E+00 -2.245880E+01
410 770 -6.572813E+00 -2.249451E+01
405 770 -6.520908E+00 -2.211548E+01
400 770 -6.476353E+00 -2.254807E+01
395 770 -6.516728E+00 -2.220886E+01
390 770 -6.496426E+00 -2.206604E+01
385 770 -6.448380E+00 -2.221298E+01
380 770 -6.451962E+00 -2.216629E+01
