380 380 -7.342752E+00  4.155579E+01
385 380 -7.402465E+00  4.197464E+01
390 380 -7.355016E+00  4.172195E+01
395 380 -7.420103E+00  4.180847E+01
400 380 -7.386250E+00  4.188538E+01
405 380 -7.405772E+00  4.205978E+01
410 380 -7.484640E+00  4.224792E+01
415 380 -7.499109E+00  4.247314E+01
420 380 -7.476188E+00  4.243744E+01
425 380 -7.535718E+00  4.290848E+01
430 380 -7.525843E+00  4.299362E+01
435 380 -7.574624E+00  4.308975E+01
440 380 -7.640217E+00  4.353195E+01
445 380 -7.668511E+00  4.340012E+01
450 380 -7.702456E+00  4.393158E+01
455 380 -7.764973E+00  4.421585E+01
460 380 -7.812284E+00  4.447266E+01
465 380 -7.908974E+00  4.501785E+01
470 380 -7.942919E+00  4.534744E+01
475 380 -8.024910E+00  4.564682E+01
480 380 -8.099092E+00  4.627304E+01
485 380 -8.169050E+00  4.682373E+01
490 380 -8.261606E+00  4.745682E+01
495 380 -8.370882E+00  4.796494E+01
500 380 -8.460819E+00  4.874634E+01
505 380 -8.583187E+00  4.956207E+01
510 380 -8.740555E+00  5.039978E+01
515 380 -8.845835E+00  5.133224E+01
520 380 -8.991076E+00  5.230316E+01
525 380 -9.159376E+00  5.336746E+01
530 380 -9.313162E+00  5.443726E+01
535 380 -9.503098E+00  5.571854E+01
540 380 -9.695238E+00  5.706848E+01
545 380 -9.916637E+00  5.856400E+01
550 380 -1.015903E+01  6.007599E+01
555 380 -1.035847E+01  6.183105E+01
560 380 -1.058474E+01  6.358475E+01
565 380 -1.085299E+01  6.558014E+01
570 380 -1.112533E+01  6.775543E+01
575 380 -1.142496E+01  7.014633E+01
580 380 -1.165600E+01  7.236420E+01
585 380 -1.197611E+01  7.508469E+01
590 380 -1.225070E+01  7.790268E+01
595 380 -1.258198E+01  8.096375E+01
600 380 -1.284669E+01  8.393417E+01
605 380 -1.316469E+01  8.737015E+01
610 380 -1.337961E+01  9.060974E+01
615 380 -1.366132E+01  9.379166E+01
620 380 -1.392076E+01  9.766571E+01
625 380 -1.407505E+01  1.012527E+02
630 380 -1.430494E+01  1.048659E+02
635 380 -1.451707E+01  1.087523E+02
640 380 -1.457338E+01  1.125041E+02
645 380 -1.472519E+01  1.161873E+02
650 380 -1.482192E+01  1.201273E+02
655 380 -1.486616E+01  1.233957E+02
660 380 -1.489294E+01  1.265611E+02
665 380 -1.488756E+01  1.297623E+02
670 380 -1.492780E+01  1.328096E+02
675 380 -1.488665E+01  1.357004E+02
680 380 -1.485105E+01  1.383728E+02
685 380 -1.480553E+01  1.407184E+02
690 380 -1.476869E+01  1.429898E+02
695 380 -1.467967E+01  1.451733E+02
700 380 -1.460530E+01  1.470891E+02
705 380 -1.460944E+01  1.487000E+02
710 380 -1.451904E+01  1.504440E+02
715 380 -1.446654E+01  1.519972E+02
720 380 -1.440907E+01  1.531934E+02
725 380 -1.434399E+01  1.541684E+02
730 380 -1.428735E+01  1.556461E+02
735 380 -1.426815E+01  1.569562E+02
740 380 -1.418451E+01  1.576277E+02
745 380 -1.410950E+01  1.585973E+02
750 380 -1.412479E+01  1.592935E+02
755 380 -1.405222E+01  1.601299E+02
760 380 -1.404243E+01  1.606448E+02
765 380 -1.401423E+01  1.613699E+02
770 380 -1.400311E+01  1.619467E+02
