770 380 -1.399838E+01  1.619138E+02
770 385 -1.399462E+01  1.623010E+02
770 390 -1.401028E+01  1.626127E+02
770 395 -1.401960E+01  1.626979E+02
770 400 -1.402231E+01  1.631401E+02
770 405 -1.401956E+01  1.634917E+02
770 410 -1.402034E+01  1.640602E+02
770 415 -1.400059E+01  1.644695E+02
770 420 -1.406866E+01  1.649652E+02
770 425 -1.406839E+01  1.652646E+02
770 430 -1.405102E+01  1.658029E+02
770 435 -1.407661E+01  1.664580E+02
770 440 -1.410247E+01  1.668507E+02
770 445 -1.416916E+01  1.677008E+02
770 450 -1.416797E+01  1.686058E+02
770 455 -1.413324E+01  1.692087E+02
770 460 -1.417610E+01  1.700738E+02
770 465 -1.416710E+01  1.713730E+02
770 470 -1.418037E+01  1.728548E+02
770 475 -1.417550E+01  1.736059E+02
770 480 -1.418258E+01  1.751880E+02
770 485 -1.422520E+01  1.764363E+02
770 490 -1.421473E+01  1.781007E+02
770 495 -1.418717E+01  1.795674E+02
770 500 -1.418988E+01 -1.786789E+02
770 505 -1.418993E+01 -1.768964E+02
770 510 -1.418455E+01 -1.749188E+02
770 515 -1.413508E+01 -1.730594E+02
770 520 -1.409282E+01 -1.702757E+02
770 525 -1.405966E+01 -1.680002E+02
770 530 -1.399090E+01 -1.658606E+02
770 535 -1.390321E+01 -1.631058E+02
770 540 -1.381120E+01 -1.605130E+02
770 545 -1.372673E+01 -1.580740E+02
770 550 -1.355476E+01 -1.551160E+02
770 555 -1.345062E+01 -1.523817E+02
770 560 -1.329794E+01 -1.493948E+02
770 565 -1.313626E+01 -1.468611E+02
770 570 -1.296373E+01 -1.441777E+02
770 575 -1.279520E+01 -1.411949E+02
770 580 -1.258138E+01 -1.385939E+02
770 585 -1.236903E+01 -1.361302E+02
770 590 -1.217266E+01 -1.336349E+02
770 595 -1.196275E+01 -1.311204E+02
770 600 -1.175935E+01 -1.287337E+02
770 605 -1.152932E+01 -1.265584E+02
770 610 -1.135449E+01 -1.244380E+02
770 615 -1.114040E+01 -1.224646E+02
770 620 -1.093953E+01 -1.206725E+02
770 625 -1.072383E+01 -1.188556E+02
770 630 -1.054565E+01 -1.173024E+02
770 635 -1.036251E+01 -1.157314E+02
770 640 -1.020143E+01 -1.142523E+02
770 645 -1.002077E+01 -1.128200E+02
770 650 -9.875895E+00 -1.116609E+02
770 655 -9.737267E+00 -1.104414E+02
770 660 -9.600384E+00 -1.093991E+02
770 665 -9.467682E+00 -1.083307E+02
770 670 -9.347612E+00 -1.074944E+02
770 675 -9.224833E+00 -1.065701E+02
770 680 -9.136318E+00 -1.058052E+02
770 685 -9.020014E+00 -1.050485E+02
770 690 -8.957130E+00 -1.043605E+02
770 695 -8.837244E+00 -1.037398E+02
770 700 -8.780792E+00 -1.030669E+02
770 705 -8.700638E+00 -1.025697E+02
770 710 -8.636515E+00 -1.020657E+02
770 715 -8.557005E+00 -1.017760E+02
770 720 -8.521727E+00 -1.011539E+02
770 725 -8.448601E+00 -1.008051E+02
770 730 -8.400969E+00 -1.003876E+02
770 735 -8.340153E+00 -1.002228E+02
770 740 -8.319620E+00 -9.989319E+01
770 745 -8.264914E+00 -9.953751E+01
770 750 -8.249434E+00 -9.915573E+01
770 755 -8.190180E+00 -9.906372E+01
770 760 -8.157106E+00 -9.881927E+01
770 765 -8.134829E+00 -9.847733E+01
770 770 -8.124586E+00 -9.841827E+01
