385 385 -7.360620E+00  4.160110E+01
390 385 -7.405175E+00  4.161621E+01
395 385 -7.417991E+00  4.166977E+01
400 385 -7.409033E+00  4.172195E+01
405 385 -7.450419E+00  4.195404E+01
410 385 -7.428555E+00  4.211472E+01
415 385 -7.502692E+00  4.229462E+01
420 385 -7.475453E+00  4.227127E+01
425 385 -7.524648E+00  4.239349E+01
430 385 -7.574670E+00  4.262146E+01
435 385 -7.591251E+00  4.284119E+01
440 385 -7.651838E+00  4.312958E+01
445 385 -7.713021E+00  4.328613E+01
450 385 -7.730614E+00  4.370224E+01
455 385 -7.770760E+00  4.394943E+01
460 385 -7.836766E+00  4.461548E+01
465 385 -7.929092E+00  4.486404E+01
470 385 -7.941174E+00  4.513733E+01
475 385 -8.016367E+00  4.562622E+01
480 385 -8.121647E+00  4.606842E+01
485 385 -8.206715E+00  4.649277E+01
490 385 -8.272217E+00  4.723709E+01
495 385 -8.387785E+00  4.778641E+01
500 385 -8.503124E+00  4.866531E+01
505 385 -8.597977E+00  4.938629E+01
510 385 -8.715796E+00  5.010452E+01
515 385 -8.839954E+00  5.105072E+01
520 385 -8.996037E+00  5.209167E+01
525 385 -9.175316E+00  5.324112E+01
530 385 -9.334246E+00  5.424911E+01
535 385 -9.534975E+00  5.562790E+01
540 385 -9.694456E+00  5.702454E+01
545 385 -9.923435E+00  5.840607E+01
550 385 -1.015246E+01  6.006500E+01
555 385 -1.037767E+01  6.166626E+01
560 385 -1.062778E+01  6.348450E+01
565 385 -1.086282E+01  6.548676E+01
570 385 -1.117572E+01  6.768265E+01
575 385 -1.145187E+01  7.007767E+01
580 385 -1.170988E+01  7.223099E+01
585 385 -1.202806E+01  7.493225E+01
590 385 -1.232544E+01  7.775848E+01
595 385 -1.261473E+01  8.073166E+01
600 385 -1.289828E+01  8.370346E+01
605 385 -1.317424E+01  8.702957E+01
610 385 -1.343216E+01  9.046967E+01
615 385 -1.366784E+01  9.404846E+01
620 385 -1.391272E+01  9.769592E+01
625 385 -1.411882E+01  1.010825E+02
630 385 -1.435542E+01  1.049689E+02
635 385 -1.450099E+01  1.087495E+02
640 385 -1.462198E+01  1.125920E+02
645 385 -1.475610E+01  1.160815E+02
650 385 -1.486304E+01  1.199734E+02
655 385 -1.488885E+01  1.233064E+02
660 385 -1.492596E+01  1.266586E+02
665 385 -1.493437E+01  1.298460E+02
670 385 -1.491747E+01  1.328906E+02
675 385 -1.489023E+01  1.355658E+02
680 385 -1.489239E+01  1.383289E+02
685 385 -1.483451E+01  1.406277E+02
690 385 -1.478155E+01  1.430200E+02
695 385 -1.477369E+01  1.453546E+02
700 385 -1.469207E+01  1.471344E+02
705 385 -1.459056E+01  1.489568E+02
710 385 -1.454835E+01  1.508505E+02
715 385 -1.445625E+01  1.519519E+02
720 385 -1.443190E+01  1.535339E+02
725 385 -1.436208E+01  1.544430E+02
730 385 -1.432750E+01  1.555705E+02
735 385 -1.426177E+01  1.566431E+02
740 385 -1.422465E+01  1.575659E+02
745 385 -1.414583E+01  1.586577E+02
750 385 -1.410688E+01  1.595215E+02
755 385 -1.409305E+01  1.603056E+02
760 385 -1.405424E+01  1.608261E+02
765 385 -1.402034E+01  1.615361E+02
