385 765 -6.512916E+00 -2.217316E+01
385 760 -6.512916E+00 -2.228714E+01
385 755 -6.571849E+00 -2.203308E+01
385 750 -6.587282E+00 -2.166367E+01
385 745 -6.620813E+00 -2.160873E+01
385 740 -6.670193E+00 -2.145905E+01
385 735 -6.693619E+00 -2.082458E+01
385 730 -6.721225E+00 -2.094955E+01
385 725 -6.810428E+00 -2.096466E+01
385 720 -6.866007E+00 -2.062134E+01
385 715 -6.948642E+00 -2.031784E+01
385 710 -6.939041E+00 -1.979324E+01
385 705 -7.106469E+00 -1.949112E+01
385 700 -7.132513E+00 -1.917938E+01
385 695 -7.202148E+00 -1.872894E+01
385 690 -7.269855E+00 -1.857513E+01
385 685 -7.330716E+00 -1.787476E+01
385 680 -7.402235E+00 -1.717987E+01
385 675 -7.506550E+00 -1.643555E+01
385 670 -7.618720E+00 -1.612381E+01
385 665 -7.741408E+00 -1.535751E+01
385 660 -7.816648E+00 -1.492905E+01
385 655 -7.963451E+00 -1.387436E+01
385 650 -8.086645E+00 -1.286499E+01
385 645 -8.224400E+00 -1.179657E+01
385 640 -8.323433E+00 -1.071167E+01
385 635 -8.455538E+00 -9.444122E+00
385 630 -8.573219E+00 -7.890930E+00
385 625 -8.673859E+00 -6.812897E+00
385 620 -8.822546E+00 -5.423126E+00
385 615 -8.952997E+00 -3.801270E+00
385 610 -9.060942E+00 -2.014618E+00
385 605 -9.148811E+00 -2.224731E-01
385 600 -9.243664E+00  1.700134E+00
385 595 -9.305721E+00  3.817749E+00
385 590 -9.386839E+00  5.932617E+00
385 585 -9.442879E+00  7.789307E+00
385 580 -9.440443E+00  9.766846E+00
385 575 -9.455051E+00  1.209595E+01
385 570 -9.446507E+00  1.400894E+01
385 565 -9.423817E+00  1.604416E+01
385 560 -9.428410E+00  1.800934E+01
385 555 -9.348715E+00  1.983307E+01
385 550 -9.280136E+00  2.170074E+01
385 545 -9.236177E+00  2.332947E+01
385 540 -9.116751E+00  2.499390E+01
385 535 -9.042292E+00  2.643585E+01
385 530 -8.951389E+00  2.777756E+01
385 525 -8.831503E+00  2.924698E+01
385 520 -8.774315E+00  3.037994E+01
385 515 -8.649652E+00  3.143875E+01
385 510 -8.556911E+00  3.240692E+01
385 505 -8.489389E+00  3.335037E+01
385 500 -8.402346E+00  3.422104E+01
385 495 -8.313831E+00  3.485550E+01
385 490 -8.214203E+00  3.552704E+01
385 485 -8.149574E+00  3.615051E+01
385 480 -8.053434E+00  3.675201E+01
385 475 -7.998590E+00  3.730682E+01
385 470 -7.961659E+00  3.762268E+01
385 465 -7.887156E+00  3.813492E+01
385 460 -7.858907E+00  3.862381E+01
385 455 -7.763732E+00  3.900970E+01
385 450 -7.720096E+00  3.893143E+01
385 445 -7.656156E+00  3.945602E+01
385 440 -7.641641E+00  3.990784E+01
385 435 -7.605813E+00  3.999023E+01
385 430 -7.582110E+00  4.012207E+01
385 425 -7.527404E+00  4.047775E+01
385 420 -7.533651E+00  4.044754E+01
385 415 -7.466772E+00  4.083481E+01
385 410 -7.489738E+00  4.079498E+01
385 405 -7.462959E+00  4.101471E+01
385 400 -7.473661E+00  4.076202E+01
385 395 -7.416934E+00  4.118774E+01
385 390 -7.377891E+00  4.142395E+01
385 385 -7.423226E+00  4.124268E+01
