765 385 -1.403821E+01  1.617517E+02
765 390 -1.405796E+01  1.620937E+02
765 395 -1.403155E+01  1.622282E+02
765 400 -1.407560E+01  1.622832E+02
765 405 -1.407854E+01  1.627254E+02
765 410 -1.406999E+01  1.634876E+02
765 415 -1.407546E+01  1.638268E+02
765 420 -1.411262E+01  1.643582E+02
765 425 -1.411271E+01  1.648663E+02
765 430 -1.410467E+01  1.651836E+02
765 435 -1.411740E+01  1.658015E+02
765 440 -1.415401E+01  1.666846E+02
765 445 -1.415194E+01  1.670705E+02
765 450 -1.414193E+01  1.678478E+02
765 455 -1.413108E+01  1.685728E+02
765 460 -1.418712E+01  1.698637E+02
765 465 -1.413834E+01  1.706369E+02
765 470 -1.421101E+01  1.718605E+02
765 475 -1.421165E+01  1.730251E+02
765 480 -1.423365E+01  1.741978E+02
765 485 -1.425437E+01  1.759186E+02
765 490 -1.420302E+01  1.773976E+02
765 495 -1.423774E+01  1.789714E+02
765 500 -1.426310E+01 -1.792282E+02
765 505 -1.424505E+01 -1.773674E+02
765 510 -1.420577E+01 -1.753226E+02
765 515 -1.418294E+01 -1.731019E+02
765 520 -1.412686E+01 -1.709692E+02
765 525 -1.406659E+01 -1.686800E+02
765 530 -1.405722E+01 -1.662849E+02
765 535 -1.396503E+01 -1.637375E+02
765 540 -1.389342E+01 -1.608618E+02
765 545 -1.373252E+01 -1.582114E+02
765 550 -1.363317E+01 -1.554387E+02
765 555 -1.352412E+01 -1.525383E+02
765 560 -1.340414E+01 -1.497629E+02
765 565 -1.322105E+01 -1.470781E+02
765 570 -1.305335E+01 -1.442780E+02
765 575 -1.283516E+01 -1.415602E+02
765 580 -1.265800E+01 -1.388301E+02
765 585 -1.247660E+01 -1.360945E+02
765 590 -1.224565E+01 -1.337379E+02
765 595 -1.203238E+01 -1.312578E+02
765 600 -1.181130E+01 -1.287309E+02
765 605 -1.159762E+01 -1.266806E+02
765 610 -1.141334E+01 -1.246001E+02
765 615 -1.117903E+01 -1.225003E+02
765 620 -1.099373E+01 -1.207466E+02
765 625 -1.079250E+01 -1.188707E+02
765 630 -1.059879E+01 -1.173463E+02
765 635 -1.041887E+01 -1.156146E+02
765 640 -1.020965E+01 -1.143388E+02
765 645 -1.007162E+01 -1.129065E+02
765 650 -9.905245E+00 -1.116321E+02
765 655 -9.780352E+00 -1.104305E+02
765 660 -9.648018E+00 -1.094362E+02
765 665 -9.512743E+00 -1.083801E+02
765 670 -9.386059E+00 -1.074861E+02
765 675 -9.275221E+00 -1.065894E+02
765 680 -9.163603E+00 -1.058643E+02
765 685 -9.062181E+00 -1.050485E+02
765 690 -8.988091E+00 -1.043770E+02
765 695 -8.893375E+00 -1.038057E+02
765 700 -8.822638E+00 -1.031561E+02
765 705 -8.747261E+00 -1.028101E+02
765 710 -8.645243E+00 -1.021248E+02
765 715 -8.616304E+00 -1.015302E+02
765 720 -8.558659E+00 -1.012747E+02
765 725 -8.504318E+00 -1.007845E+02
765 730 -8.446396E+00 -1.005194E+02
765 735 -8.381952E+00 -1.000868E+02
765 740 -8.323616E+00 -9.980804E+01
765 745 -8.292473E+00 -9.950867E+01
765 750 -8.271711E+00 -9.932327E+01
765 755 -8.238914E+00 -9.891541E+01
765 760 -8.205521E+00 -9.876434E+01
765 765 -8.160782E+00 -9.851028E+01
