765 765 -8.159220E+00 -9.844849E+01
760 765 -8.208874E+00 -9.829742E+01
755 765 -8.259768E+00 -9.810516E+01
750 765 -8.300604E+00 -9.789368E+01
745 765 -8.336845E+00 -9.782913E+01
740 765 -8.420673E+00 -9.743637E+01
735 765 -8.479744E+00 -9.718231E+01
730 765 -8.540882E+00 -9.695572E+01
725 765 -8.603306E+00 -9.653824E+01
720 765 -8.670277E+00 -9.617294E+01
715 765 -8.754978E+00 -9.561401E+01
710 765 -8.860165E+00 -9.521576E+01
705 765 -8.976009E+00 -9.461288E+01
700 765 -9.055244E+00 -9.415970E+01
695 765 -9.174442E+00 -9.334259E+01
690 765 -9.267044E+00 -9.263397E+01
685 765 -9.437275E+00 -9.167267E+01
680 765 -9.562534E+00 -9.075943E+01
675 765 -9.687244E+00 -8.967178E+01
670 765 -9.842316E+00 -8.851547E+01
665 765 -9.974880E+00 -8.717789E+01
660 765 -1.014061E+01 -8.588562E+01
655 765 -1.030436E+01 -8.424728E+01
650 765 -1.045052E+01 -8.238510E+01
645 765 -1.062457E+01 -8.073578E+01
640 765 -1.073802E+01 -7.857147E+01
635 765 -1.087109E+01 -7.607620E+01
630 765 -1.099934E+01 -7.355072E+01
625 765 -1.108831E+01 -7.102249E+01
620 765 -1.113980E+01 -6.838028E+01
615 765 -1.113911E+01 -6.569824E+01
610 765 -1.118991E+01 -6.287476E+01
605 765 -1.119648E+01 -5.970795E+01
600 765 -1.115018E+01 -5.699844E+01
595 765 -1.104986E+01 -5.399094E+01
590 765 -1.090251E+01 -5.145035E+01
585 765 -1.078193E+01 -4.882324E+01
580 765 -1.059145E+01 -4.638016E+01
575 765 -1.043063E+01 -4.389587E+01
570 765 -1.026114E+01 -4.164368E+01
565 765 -1.007832E+01 -3.962769E+01
560 765 -9.800011E+00 -3.777237E+01
555 765 -9.644619E+00 -3.610931E+01
550 765 -9.384497E+00 -3.474014E+01
545 765 -9.183491E+00 -3.342590E+01
540 765 -8.971600E+00 -3.171478E+01
535 765 -8.787178E+00 -3.087433E+01
530 765 -8.619289E+00 -2.982101E+01
525 765 -8.431284E+00 -2.892426E+01
520 765 -8.311674E+00 -2.806183E+01
515 765 -8.164549E+00 -2.756744E+01
510 765 -7.991792E+00 -2.680939E+01
505 765 -7.871263E+00 -2.617630E+01
500 765 -7.739112E+00 -2.616257E+01
495 765 -7.589460E+00 -2.554047E+01
490 765 -7.515094E+00 -2.537018E+01
485 765 -7.401500E+00 -2.471375E+01
480 765 -7.352857E+00 -2.428528E+01
475 765 -7.202562E+00 -2.425232E+01
470 765 -7.172751E+00 -2.385818E+01
465 765 -7.110235E+00 -2.377853E+01
460 765 -6.982816E+00 -2.352448E+01
455 765 -6.966693E+00 -2.316330E+01
450 765 -6.938353E+00 -2.292023E+01
445 765 -6.848230E+00 -2.302185E+01
440 765 -6.816583E+00 -2.311798E+01
435 765 -6.752321E+00 -2.289825E+01
430 765 -6.742997E+00 -2.253845E+01
425 765 -6.660913E+00 -2.275269E+01
420 765 -6.635834E+00 -2.261398E+01
415 765 -6.637580E+00 -2.237915E+01
410 765 -6.572676E+00 -2.239975E+01
405 765 -6.579061E+00 -2.250687E+01
400 765 -6.541533E+00 -2.228165E+01
395 765 -6.529084E+00 -2.228714E+01
390 765 -6.489122E+00 -2.250412E+01
385 765 -6.474423E+00 -2.217865E+01
