760 390 -1.403398E+01  1.614619E+02
760 395 -1.405084E+01  1.618616E+02
760 400 -1.406719E+01  1.620689E+02
760 405 -1.406701E+01  1.624672E+02
760 410 -1.409668E+01  1.628503E+02
760 415 -1.410270E+01  1.630014E+02
760 420 -1.410849E+01  1.636853E+02
760 425 -1.410453E+01  1.642538E+02
760 430 -1.413421E+01  1.647633E+02
760 435 -1.416296E+01  1.653291E+02
760 440 -1.416962E+01  1.661215E+02
760 445 -1.416990E+01  1.667409E+02
760 450 -1.419539E+01  1.677022E+02
760 455 -1.419851E+01  1.685646E+02
760 460 -1.428037E+01  1.692142E+02
760 465 -1.424243E+01  1.706136E+02
760 470 -1.422511E+01  1.715776E+02
760 475 -1.428441E+01  1.726817E+02
760 480 -1.430086E+01  1.741841E+02
760 485 -1.425662E+01  1.755341E+02
760 490 -1.435717E+01  1.771600E+02
760 495 -1.430150E+01  1.786748E+02
760 500 -1.432483E+01 -1.795907E+02
760 505 -1.431858E+01 -1.776778E+02
760 510 -1.426558E+01 -1.755986E+02
760 515 -1.425134E+01 -1.733601E+02
760 520 -1.422061E+01 -1.710269E+02
760 525 -1.416760E+01 -1.686154E+02
760 530 -1.413182E+01 -1.661916E+02
760 535 -1.401781E+01 -1.634106E+02
760 540 -1.391561E+01 -1.607561E+02
760 545 -1.382360E+01 -1.580864E+02
760 550 -1.373224E+01 -1.553439E+02
760 555 -1.356151E+01 -1.525974E+02
760 560 -1.342646E+01 -1.495555E+02
760 565 -1.325784E+01 -1.468913E+02
760 570 -1.307337E+01 -1.441296E+02
760 575 -1.290498E+01 -1.413611E+02
760 580 -1.269672E+01 -1.385074E+02
760 585 -1.251105E+01 -1.359846E+02
760 590 -1.229521E+01 -1.334056E+02
760 595 -1.205677E+01 -1.308101E+02
760 600 -1.186826E+01 -1.286114E+02
760 605 -1.164700E+01 -1.264980E+02
760 610 -1.140814E+01 -1.243076E+02
760 615 -1.120025E+01 -1.222202E+02
760 620 -1.101509E+01 -1.203799E+02
760 625 -1.082644E+01 -1.186263E+02
760 630 -1.062640E+01 -1.169522E+02
760 635 -1.044878E+01 -1.153716E+02
760 640 -1.026895E+01 -1.140216E+02
760 645 -1.011718E+01 -1.126607E+02
760 650 -9.976994E+00 -1.113286E+02
760 655 -9.801527E+00 -1.101778E+02
760 660 -9.683754E+00 -1.091025E+02
760 665 -9.533413E+00 -1.081329E+02
760 670 -9.413158E+00 -1.070851E+02
760 675 -9.283627E+00 -1.063655E+02
760 680 -9.212154E+00 -1.053726E+02
760 685 -9.087030E+00 -1.047327E+02
760 690 -8.998196E+00 -1.040543E+02
760 695 -8.924473E+00 -1.034843E+02
760 700 -8.846569E+00 -1.029144E+02
760 705 -8.766691E+00 -1.023871E+02
760 710 -8.705967E+00 -1.018199E+02
760 715 -8.607393E+00 -1.014175E+02
760 720 -8.584013E+00 -1.010152E+02
760 725 -8.528204E+00 -1.005400E+02
760 730 -8.473360E+00 -1.003326E+02
760 735 -8.429079E+00 -9.996872E+01
760 740 -8.368263E+00 -9.946609E+01
760 745 -8.347639E+00 -9.926559E+01
760 750 -8.303957E+00 -9.898819E+01
760 755 -8.276672E+00 -9.874100E+01
760 760 -8.246906E+00 -9.844574E+01
