760 760 -8.238409E+00 -9.845810E+01
755 760 -8.259768E+00 -9.815323E+01
750 760 -8.315210E+00 -9.817795E+01
745 760 -8.349567E+00 -9.802414E+01
740 760 -8.426828E+00 -9.762177E+01
735 760 -8.481398E+00 -9.742401E+01
730 760 -8.540791E+00 -9.696121E+01
725 760 -8.651995E+00 -9.666870E+01
720 760 -8.703165E+00 -9.630341E+01
715 760 -8.792597E+00 -9.583786E+01
710 760 -8.876793E+00 -9.559753E+01
705 760 -8.984737E+00 -9.487381E+01
700 760 -9.078028E+00 -9.424484E+01
695 760 -9.203932E+00 -9.350052E+01
690 760 -9.301357E+00 -9.272049E+01
685 760 -9.442005E+00 -9.184570E+01
680 760 -9.551924E+00 -9.107666E+01
675 760 -9.734739E+00 -8.989563E+01
670 760 -9.860046E+00 -8.888214E+01
665 760 -1.001953E+01 -8.739212E+01
660 760 -1.019247E+01 -8.613281E+01
655 760 -1.030840E+01 -8.454666E+01
650 760 -1.047220E+01 -8.270645E+01
645 760 -1.066048E+01 -8.074951E+01
640 760 -1.080123E+01 -7.869644E+01
635 760 -1.089824E+01 -7.654037E+01
630 760 -1.105528E+01 -7.384872E+01
625 760 -1.111541E+01 -7.140289E+01
620 760 -1.118739E+01 -6.886093E+01
615 760 -1.123295E+01 -6.597565E+01
610 760 -1.120967E+01 -6.295166E+01
605 760 -1.120098E+01 -6.017075E+01
600 760 -1.116846E+01 -5.721817E+01
595 760 -1.107554E+01 -5.432465E+01
590 760 -1.097844E+01 -5.155472E+01
585 760 -1.084293E+01 -4.893585E+01
580 760 -1.070564E+01 -4.626617E+01
575 760 -1.048755E+01 -4.391373E+01
570 760 -1.030652E+01 -4.160797E+01
565 760 -1.008613E+01 -3.982544E+01
560 760 -9.888065E+00 -3.778885E+01
555 760 -9.711130E+00 -3.607498E+01
550 760 -9.480085E+00 -3.455475E+01
545 760 -9.270306E+00 -3.338058E+01
540 760 -9.072884E+00 -3.205399E+01
535 760 -8.850199E+00 -3.091827E+01
530 760 -8.706427E+00 -2.984711E+01
525 760 -8.479284E+00 -2.888992E+01
520 760 -8.390587E+00 -2.819641E+01
515 760 -8.179844E+00 -2.759079E+01
510 760 -8.015034E+00 -2.676407E+01
505 760 -7.904518E+00 -2.612823E+01
500 760 -7.779855E+00 -2.585220E+01
495 760 -7.673472E+00 -2.545944E+01
490 760 -7.560338E+00 -2.509689E+01
485 760 -7.489233E+00 -2.451462E+01
480 760 -7.321943E+00 -2.419464E+01
475 760 -7.259060E+00 -2.426193E+01
470 760 -7.188552E+00 -2.346130E+01
465 760 -7.082032E+00 -2.370987E+01
460 760 -7.070457E+00 -2.332535E+01
455 760 -7.013499E+00 -2.328415E+01
450 760 -6.934954E+00 -2.288727E+01
445 760 -6.886264E+00 -2.297379E+01
440 760 -6.781535E+00 -2.286255E+01
435 760 -6.790813E+00 -2.259338E+01
430 760 -6.783694E+00 -2.278152E+01
425 760 -6.729217E+00 -2.224045E+01
420 760 -6.708639E+00 -2.243546E+01
415 760 -6.675934E+00 -2.191635E+01
410 760 -6.648558E+00 -2.213608E+01
405 760 -6.548698E+00 -2.206329E+01
400 760 -6.566153E+00 -2.216080E+01
395 760 -6.547826E+00 -2.220200E+01
390 760 -6.524904E+00 -2.196854E+01
