390 760 -6.568496E+00 -2.195343E+01
390 755 -6.576534E+00 -2.159912E+01
390 750 -6.589947E+00 -2.185181E+01
390 745 -6.668218E+00 -2.149200E+01
390 740 -6.662108E+00 -2.135880E+01
390 735 -6.746717E+00 -2.112259E+01
390 730 -6.723430E+00 -2.078064E+01
390 725 -6.840193E+00 -2.082596E+01
390 720 -6.885758E+00 -2.053345E+01
390 715 -6.945793E+00 -2.026978E+01
390 710 -6.974456E+00 -1.984268E+01
390 705 -7.020849E+00 -1.961197E+01
390 700 -7.105137E+00 -1.900635E+01
390 695 -7.152219E+00 -1.885391E+01
390 690 -7.303478E+00 -1.827026E+01
390 685 -7.356761E+00 -1.806976E+01
390 680 -7.448812E+00 -1.737625E+01
390 675 -7.521111E+00 -1.693268E+01
390 670 -7.712470E+00 -1.631882E+01
390 665 -7.793773E+00 -1.549622E+01
390 660 -7.859962E+00 -1.440445E+01
390 655 -7.966942E+00 -1.372604E+01
390 650 -8.099323E+00 -1.300781E+01
390 645 -8.233128E+00 -1.180893E+01
390 640 -8.363211E+00 -1.085312E+01
390 635 -8.462978E+00 -9.610291E+00
390 630 -8.613503E+00 -7.922516E+00
390 625 -8.729622E+00 -6.796417E+00
390 620 -8.845835E+00 -5.364075E+00
390 615 -8.987631E+00 -3.600769E+00
390 610 -9.048172E+00 -2.031097E+00
390 605 -9.147297E+00 -2.691650E-01
390 600 -9.258041E+00  1.571045E+00
390 595 -9.336405E+00  3.703766E+00
390 590 -9.401676E+00  5.583801E+00
390 585 -9.452387E+00  7.814026E+00
390 580 -9.502638E+00  9.992065E+00
390 575 -9.495104E+00  1.200806E+01
390 570 -9.471220E+00  1.374939E+01
390 565 -9.451284E+00  1.613068E+01
390 560 -9.424780E+00  1.798737E+01
390 555 -9.373243E+00  2.000061E+01
390 550 -9.294008E+00  2.192047E+01
390 545 -9.252575E+00  2.352036E+01
390 540 -9.151339E+00  2.494171E+01
390 535 -9.052214E+00  2.658966E+01
390 530 -8.959612E+00  2.784897E+01
390 525 -8.871189E+00  2.927856E+01
390 520 -8.747995E+00  3.041290E+01
390 515 -8.724295E+00  3.125061E+01
390 510 -8.599953E+00  3.244675E+01
390 505 -8.500277E+00  3.349182E+01
390 500 -8.411991E+00  3.427734E+01
390 495 -8.318150E+00  3.499695E+01
390 490 -8.263166E+00  3.584427E+01
390 485 -8.168682E+00  3.647461E+01
390 480 -8.089861E+00  3.695389E+01
390 475 -8.042273E+00  3.728348E+01
390 470 -7.970433E+00  3.785614E+01
390 465 -7.889866E+00  3.815552E+01
390 460 -7.837777E+00  3.856064E+01
390 455 -7.804705E+00  3.912369E+01
390 450 -7.783759E+00  3.920059E+01
390 445 -7.735299E+00  3.965652E+01
390 440 -7.676274E+00  3.997238E+01
390 435 -7.643616E+00  4.023331E+01
390 430 -7.575175E+00  4.026077E+01
390 425 -7.592859E+00  4.044617E+01
390 420 -7.532640E+00  4.055191E+01
390 415 -7.533100E+00  4.116440E+01
390 410 -7.476693E+00  4.084717E+01
390 405 -7.434802E+00  4.104630E+01
390 400 -7.451706E+00  4.113144E+01
390 395 -7.435215E+00  4.111221E+01
390 390 -7.395896E+00  4.139374E+01
