390 390 -7.416245E+00  4.116165E+01
395 390 -7.437237E+00  4.158875E+01
400 390 -7.406920E+00  4.172058E+01
405 390 -7.446239E+00  4.187439E+01
410 390 -7.460295E+00  4.194992E+01
415 390 -7.512935E+00  4.228912E+01
420 390 -7.572832E+00  4.233444E+01
425 390 -7.563324E+00  4.233170E+01
430 390 -7.555424E+00  4.277664E+01
435 390 -7.627677E+00  4.273544E+01
440 390 -7.649312E+00  4.291122E+01
445 390 -7.720141E+00  4.329437E+01
450 390 -7.756199E+00  4.356766E+01
455 390 -7.788950E+00  4.401123E+01
460 390 -7.838925E+00  4.439850E+01
465 390 -7.924684E+00  4.461411E+01
470 390 -7.989082E+00  4.521835E+01
475 390 -8.028355E+00  4.549301E+01
480 390 -8.117834E+00  4.592697E+01
485 390 -8.194176E+00  4.648315E+01
490 390 -8.309193E+00  4.716705E+01
495 390 -8.400692E+00  4.788116E+01
500 390 -8.519615E+00  4.860764E+01
505 390 -8.631922E+00  4.952637E+01
510 390 -8.736971E+00  5.021439E+01
515 390 -8.876610E+00  5.114822E+01
520 390 -9.044865E+00  5.202850E+01
525 390 -9.208342E+00  5.332626E+01
530 390 -9.391479E+00  5.436859E+01
535 390 -9.555002E+00  5.559219E+01
540 390 -9.764414E+00  5.714127E+01
545 390 -9.938364E+00  5.855850E+01
550 390 -1.015071E+01  6.012955E+01
555 390 -1.040996E+01  6.183105E+01
560 390 -1.069838E+01  6.381821E+01
565 390 -1.092194E+01  6.569275E+01
570 390 -1.118068E+01  6.791336E+01
575 390 -1.150419E+01  7.024109E+01
580 390 -1.176381E+01  7.264023E+01
585 390 -1.207611E+01  7.532639E+01
590 390 -1.237114E+01  7.807709E+01
595 390 -1.267279E+01  8.096375E+01
600 390 -1.296607E+01  8.413193E+01
605 390 -1.321678E+01  8.742096E+01
610 390 -1.349302E+01  9.090363E+01
615 390 -1.375888E+01  9.443710E+01
620 390 -1.400674E+01  9.817932E+01
625 390 -1.422346E+01  1.018076E+02
630 390 -1.439713E+01  1.055992E+02
635 390 -1.455537E+01  1.093703E+02
640 390 -1.468683E+01  1.133144E+02
645 390 -1.478205E+01  1.169344E+02
650 390 -1.481458E+01  1.202838E+02
655 390 -1.495334E+01  1.238159E+02
660 390 -1.497971E+01  1.274277E+02
665 390 -1.493745E+01  1.305409E+02
670 390 -1.496175E+01  1.335058E+02
675 390 -1.493391E+01  1.363321E+02
680 390 -1.486740E+01  1.389619E+02
685 390 -1.483897E+01  1.414421E+02
690 390 -1.478233E+01  1.435735E+02
695 390 -1.473438E+01  1.456801E+02
700 390 -1.468348E+01  1.477936E+02
705 390 -1.460875E+01  1.494580E+02
710 390 -1.454853E+01  1.511472E+02
715 390 -1.447917E+01  1.524792E+02
720 390 -1.445239E+01  1.540077E+02
725 390 -1.437049E+01  1.549882E+02
730 390 -1.433338E+01  1.561116E+02
735 390 -1.424440E+01  1.571896E+02
740 390 -1.420881E+01  1.583967E+02
745 390 -1.414762E+01  1.591795E+02
750 390 -1.409089E+01  1.598112E+02
755 390 -1.408745E+01  1.602479E+02
760 390 -1.406379E+01  1.613370E+02
