0.767016734026111
0.799446067746374
0.772187654880530
0.794637485816204
0.776430209610418
0.791267662494131
0.779187235887938
0.788699396862610
0.781051661215959
0.786727421271781
0.782233083785476
0.785244440196552
0.782892650674301
0.784175255063778
0.783106579406433
0.783423116489722
0.783048855840463
0.782886333178996
0.782759270007304
0.782349397025642
0.782217952365270
0.781700681963429
0.781429539140755
0.780857041602541
0.780328766531459
0.779816488988810
0.779155750306500
0.778058136444856
0.777293413827734
0.776261165663476
0.774874628286728
0.773424814061848
0.771420232043640
0.769164223901816
0.766000432442743
0.762394314417258
0.758978281673884
0.754674793682831
0.749954605739383
0.745272068030050
0.740305141136921
0.735560396477854
0.728926567880061
0.719735478319986
0.711470818877817
0.704165348823560
0.697537532035815
0.690032449508947
0.680806511829612
0.672077210797292
0.663270571395033
0.655032710360366
0.647433476774442
0.638918766792310
0.631879344806448
0.627334569252791
0.623085238499713
0.621071944451690
0.618485694337568
0.612512604422084
0.608671771067013
0.605773721991079
0.601909809399129
0.599186510394929
0.593397137318708
0.586643938628182
0.582410044980567
0.574844334877791
0.566606983318552
0.560875894231271
0.553865410449708
0.548051276867696
0.543972518487844
0.538101527448091
0.533814036985471
0.530386642940056
0.524598849237662
0.519185469027155
0.515266482141460
0.511832159230228
0.508513741978819
0.507091999850010
0.507446594747757
0.509325794863183
0.514669529782711
0.518935877015077
0.519342744091715
0.522145979790536
0.525163246116575
0.523845895502922
0.523632730983932
0.521805803047397
0.517240393738914
0.514313915934109
0.507660625374974
0.499809252399833
0.497104345458577
0.492682710115818
0.488275136294866
0.488934601288606
0.489357822526476
0.490714249905441
0.495615760153642
0.498300186182700
0.499740014689196
0.501420366545153
0.499572601063622
0.496515850391929
0.493555339628548
0.489433530575047
0.484606709424562
0.478589600832116
0.472029085748383
0.467996842475089
0.466292545274024
0.465379157727071
0.466650604604680
0.470611419422997
0.475527959196317
0.480282995259025
0.486807235692300
0.493715569650590
0.497330450653433
0.499683768601967
0.501062001529241
0.498907328050005
0.495746236810700
0.491843655033780
0.486327258891773
0.483036353313465
0.479732354216663
0.476766493961290
0.477644422018468
0.477586087081986
0.476786669188230
0.479340058137260
0.480330885949238
0.480572784882356
0.482410360855332
0.480502528220863
0.477032287291971
0.472298598249687
0.463235285126904
0.456591165125470
0.451638299754148
0.442794417698117
0.436404882567952
0.433290815910632
0.428063699916528
0.424455696831960
0.422176813243427
0.419046698110131
0.415432683215515
0.410001063784693
0.405153303194126
0.402012081496505
0.398490332601862
0.392220422302144
0.384132754623591
0.377309757799457
0.370169918206777
0.362010516387990
0.356576757160371
0.352213558649181
0.344895657394486
0.338752657423831
0.332653166654711
0.324676157039076
0.319388209678892
0.312796973226862
0.303081939136843
0.296790070446186
0.289428354304701
0.278055283382460
0.269819969724932
0.261804596609584
0.252591905291371
0.247031184787145
0.241290619456907
0.234767347026946
0.231178245480749
0.227122209704977
0.221973298189039
0.217475598164910
0.210778441771442
0.204738712470002
0.200918156236957
0.193566272971228
0.184463934030676
0.175344069135408
0.164378018132434
0.152344870845941
0.141152816543197
0.132066067550736
0.124217343847819
0.116467815010695
0.108824919380608
0.103099434523033
0.0997817814847663
0.0971831511177483
0.0924552700953412
0.0877569386477462
0.0868226116607106
0.0853371851034276
0.0811963726164702
0.0769630393918249
0.0718915681409119
0.0657559555639608
0.0600776481309996
0.0530185094460820
0.0478169181709099
0.0464833152911102
0.0423546792668771
0.0389027794533859
0.0386541554446212
0.0355289312754330
0.0328211712717811
0.0333120508464629
0.0311976768735653
0.0287966210774468
0.0271094422507565
0.0210271717510956
0.0157659209033285
0.0134029738692091
0.00790308473106219
0.00330481425748644
0.00101416178657137
-0.00281031740726732
-0.00444242194021286
-0.00280415275459099
-0.00206826644668197
-0.00206256032189065
-0.000968156155441361
-0.00153250208681135
-0.00221942780610914
-0.00166455811769616
-0.00185138275706907
-0.00414855651345993
-0.00659969374413084
-0.00829532986292258
-0.0123742410854028
-0.0162856877347663
-0.0175778193147433
-0.0205568749836968
-0.0236973834157189
-0.0219586966232784
-0.0214016361905259
-0.0232635141414076
-0.0216017581385643
-0.0219774962665641
-0.0248961790973237
-0.0249784593789128
-0.0279672969760799
-0.0333708443108306
-0.0341578819516903
-0.0369903615400668
-0.0450527082898581
-0.0498667416071056
-0.0535302775133034
-0.0593849653393677
-0.0614583774878704
-0.0633164343730436
-0.0661431059415432
-0.0657205470217289
-0.0659230635042780
-0.0694004880367018
-0.0708527477436352
-0.0690993880588742
-0.0695342762840411
-0.0728101523372287
-0.0764241162843020
-0.0787115081124791
-0.0807860411069230
-0.0843669400987323
-0.0895332247267581
-0.0946049507153850
-0.0978502072953621
-0.101187984613027
-0.106383309340437
-0.109172126884652
-0.110143798420545
-0.115399546933692
-0.121640468081568
-0.124492970054257
-0.128344909973654
-0.133501310778381
-0.137460342432700
-0.144948867008165
-0.151140521882173
-0.153373297944491
-0.159446907361879
-0.166349738985549
-0.168173304384260
-0.170338727795023
-0.173197547263016
-0.173043379998565
-0.176383908483540
-0.180594620999191
-0.181477490968020
-0.186208938318421
-0.194356112726941
-0.199538343935857
-0.206459720465098
-0.216003163231036
-0.223699299043327
-0.232699335317978
-0.242961444122365
-0.251852146970211
-0.261789363294293
-0.270934447223237
-0.275640522697334
-0.279723968251122
-0.284698129695326
-0.289371344004330
-0.293453770607262
-0.297780745415536
-0.303350789320091
-0.307903410795336
-0.313076012918667
-0.320549660811639
-0.327025704869444
-0.331940970954195
-0.337471683355723
-0.341073216102358
-0.342936062056553
-0.349035247140416
-0.353026375746687
-0.353731744476471
-0.358036760893807
-0.361767089028589
-0.361426708495279
-0.365020395320326
-0.370197786512677
-0.371900351497287
-0.377019458700699
-0.383467889190317
-0.387999724068108
-0.397604303885382
-0.408614271670232
-0.414960959916919
-0.424108030800031
-0.433498478095002
-0.437679284403042
-0.440386636826351
-0.442418475779946
-0.441329726790745
-0.441098017366183
-0.441079981936039
-0.439033775775381
-0.436355769136712
-0.432939532603167
-0.429882119613418
-0.427869640726080
-0.428115870200334
-0.428682152138330
-0.430039445625522
-0.433925877031380
-0.439546613741001
-0.443587518096567
-0.444017107777285
-0.443850865945195
-0.441139641508634
-0.436099706786702
-0.433570874553292
-0.428787613551883
-0.422345296767399
-0.417634585066908
-0.411630977573299
-0.405354138407763
-0.404228605292675
-0.403451604317743
-0.401970406406511
-0.405458377080290
-0.405426229180796
-0.403552174767190
-0.408150190503052
-0.410293961208133
-0.407574075689300
-0.405986244571030
-0.401860410661650
-0.395023759896051
-0.391291241016929
-0.384156903758869
-0.373859029779450
-0.370179954872705
-0.365500626858566
-0.355821256048492
-0.349221409461733
-0.345384499067456
-0.340639397775590
-0.338522476425553
-0.337098645447491
-0.332491408206386
-0.327591324489383
-0.323241983709829
-0.316751929077760
-0.309816745764425
-0.307024922315187
-0.303399953698873
-0.295889470732471
-0.293887079458603
-0.292737550050866
-0.288913274647198
-0.289400129366001
-0.290072484088063
-0.286721867989618
-0.289842150247157
-0.293783503104132
-0.291021178282163
-0.291534372880582
-0.290801645320326
-0.283058281135878
-0.279189375684735
-0.274581017597689
-0.263911532241235
-0.258912559343698
-0.252519814518338
-0.241584026355775
-0.238838768960638
-0.237661524089629
-0.231471397641903
-0.231067587417832
-0.232454022899494
-0.232528049679153
-0.238049693418067
-0.244433624318526
-0.247854955606349
-0.253361213187344
-0.258645899904789
-0.262767861800918
-0.269239371527416
-0.277289847499739
-0.285283415066778
-0.296269692244235
-0.307963019420388
-0.315358972310622
-0.323297669374087
-0.333262855899155
-0.336742369280833
-0.337069146820221
-0.339304826892477
-0.335632680851549
-0.330608590815422
-0.326921466196917
-0.320864261888303
-0.319853513587098
-0.319203932416658
-0.312135776016668
-0.313881187884756
-0.320785242249452
-0.324961667068813
-0.335945957292101
-0.349862991867957
-0.365190916746009
-0.382754114115975
-0.395815382815761
-0.409113200956673
-0.424697697660163
-0.434672768008530
-0.443440432540562
-0.453794705449838
-0.462620042600297
-0.470633326866392
-0.476345972943187
-0.480489230912197
-0.485019486416162
-0.487845801351862
-0.490318285602958
-0.494891133252687
-0.499011210089733
-0.502584466950125
-0.507477621801310
-0.511575893090046
-0.513391714462255
-0.517611597535606
-0.523103233171823
-0.526418899255921
-0.532471722075856
-0.538458618775433
-0.546375765028302
-0.556728866144094
-0.561666701990296
-0.568931363062787
-0.577392730967628
-0.581693365896286
-0.587973618547188
-0.589976366453855
-0.590493076432726
-0.593338955224854
-0.592142961658102
-0.593806297034772
-0.592869881198482
-0.588677764535945
-0.589622739559422
-0.590285465195899
-0.591299219402129
-0.592676942853975
-0.593364072363444
-0.595079781814091
-0.595776489461603
-0.597499127778068
-0.598918832005165
-0.596049619238444
-0.591903610102123
-0.590667877452003
-0.587052639816361
-0.580956613480149
-0.576059179035371
-0.571119509077629
-0.566752183815474
-0.560675313755347
-0.557279405291371
-0.556113623617488
-0.551450038394068
-0.549252161398555
-0.545601158587881
-0.541202959114801
-0.537690890253287
-0.531090534191100
-0.525889961866783
-0.517701519948612
-0.512241726526633
-0.502737920948978
-0.487956968890208
-0.477829259703673
-0.467690240162641
-0.459248130428970
-0.447738571039623
-0.436763349478949
-0.426639563253208
-0.419145230657867
-0.417207237078073
-0.414486485451012
-0.410324988261686
-0.407869367647251
-0.406758915004826
-0.401284856270868
-0.390972716979471
-0.380627359890182
-0.369001741998383
-0.353235464462255
-0.340130380875678
-0.324675341878391
-0.311177962212411
-0.299166009103715
-0.291620168542623
-0.286143613379069
-0.276293975881026
-0.271689591702316
-0.265402766818395
-0.262377756465855
-0.254937937741288
-0.250513755021390
-0.245476265781511
-0.236585613881208
-0.232760421421771
-0.224792684258921
-0.215695643862818
-0.202697346325908
-0.193578143748696
-0.180825158630269
-0.167134891567326
-0.156365243341768
-0.142703710692952
-0.129723041005843
-0.115857921976080
-0.108806374475037
-0.101430494916658
-0.0954988763009965
-0.0900950232809891
-0.0810839823370983
-0.0745750771142008
-0.0664689154776190
-0.0617773091056709
-0.0523643939443343
-0.0474368495017738
-0.0387342959294136
-0.0274102874908702
-0.0162779437082638
-0.00690787543040484
0.00218554769016068
0.0129317600460403
0.0190711936886999
0.0321683804061457
0.0414223901815526
0.0523429450288241
0.0600065253612792
0.0775710473673571
0.0826661073305770
0.0987831077511999
0.0978109267398790
0.113183125032606
0.108910664095106
0.132779689782450
0.124754381896259
0.155565621657841
0.141518365162641
0.186684176997470
0.146397152806761
0.412952505885460
0.738181647553866
0.337043571153746
0.590933008464629
0.829066459643025
0.774113166312344
0.793648492115766
0.777061143980201
0.791363647664728
0.779175976480984
0.789654408552014
0.780597311029450
0.788117117396181
0.781655593388069
0.786732617921145
0.782401261624191
0.785545947754721
0.782877570201638
0.784566226507069
0.783051912693030
0.783807311909824
0.783034539580942
0.783215046725010
0.782807262592602
0.782623443858253
0.782305327401137
0.781903351288606
0.781548705443317
0.781007336853741
0.780444315558483
0.779926331891042
0.779148566702969
0.778078566409511
0.777314658953073
0.776176388952290
0.774803913097350
0.773254700216507
0.771193362635643
0.768905817964837
0.765645175226941
0.762096271291997
0.758638614406172
0.754280459701716
0.749684329024937
0.744996696561326
0.740084742066856
0.735326649151581
0.728266899096150
0.718953127853062
0.710873102305927
0.703603244584072
0.697105242135330
0.689346797478219
0.679961241147355
0.671242129623591
0.662350866352776
0.654189171894564
0.646625601588585
0.637994374576116
0.631340268856297
0.627116157136895
0.622937796310909
0.621430971785658
0.618293265468489
0.611860577769590
0.608840967856584
0.605780599909354
0.601728487094376
0.599143765406537